10000
-315 1509
158 4768
-173 -281
-468 3078
-698 2932
-646 2056
966 7315
-482 3586
70 7477
907 467
-64 1728
-746 3783
-992 74
-365 2779
-475 6061
229 8611
-221 6538
-588 -491
339 1221
-469 3503
-240 3147
327 9258
869 6862
-749 2048
800 1352
-937 3076
-985 9231
765 4143
780 786
-81 1303
-741 3856
-974 6852
333 9784
57 2582
-679 -302
330 6734
-409 7428
940 5558
80 7786
-812 1940
860 915
974 1406
-690 3334
-919 7465
889 4183
-215 1224
870 6572
-72 4704
49 431
816 9990
-182 7472
596 8495
-252 2323
-787 3104
711 831
-574 3991
-99 4680
-210 3191
369 4782
866 8105
856 1348
388 2284
-903 4510
-801 7149
-337 1865
-382 1362
674 5299
-10 581
183 4332
489 2594
187 2274
982 2844
126 601
-188 5812
-367 7576
84 3002
-924 -104
842 7632
741 6083
-176 5699
412 769
-304 2837
-499 4906
-459 67
828 95
-160 4220
96 6068
591 525
-431 7510
624 2414
481 -656
-651 7521
356 8916
-517 -604
-493 2458
207 5897
175 -710
244 2231
-498 6313
731 773
313 2394
639 5673
689 -521
228 6820
221 6978
626 -188
-637 7860
952 7621
947 5919
220 -799
-525 1209
-103 9634
-673 9795
490 1002
653 8635
-845 6364
-934 -737
-797 1675
-485 4620
340 8954
586 5435
-418 9
75 8438
559 9853
-314 7890
-625 3569
746 2874
565 919
215 2494
688 5495
-490 9843
-290 3891
-898 -425
148 4849
-658 7912
186 9693
62 9836
708 -815
-630 4527
-23 3775
-777 6579
173 9837
653 -803
322 2356
827 6324
383 6182
280 7176
-454 8919
-475 4618
758 9456
-426 2126
155 9507
186 7860
407 -532
-713 7440
-705 6380
319 5671
-802 5913
-612 7281
-774 9269
812 2407
49 3225
-275 4176
769 2294
-247 6485
741 9023
682 7562
-476 -225
-92 2555
-285 3961
-548 7402
220 6748
-280 9995
-22 1815
580 39
517 3860
-937 3875
-918 2975
6 1887
866 2522
-94 9122
453 8056
-365 9144
-486 9529
-767 6928
349 -592
483 6320
-442 519
570 -215
203 -791
348 2835
75 2122
-666 8022
344 9208
552 2112
-846 4195
712 -413
-115 9890
79 8219
901 119
348 7198
-372 1457
-430 3180
947 4430
-255 2926
215 8681
742 -571
119 -397
36 2768
-447 8802
-393 5827
-41 5459
-694 7679
-998 4350
627 1685
-890 1631
467 1968
-613 8421
845 1707
496 3632
-574 -55
-935 4922
517 5460
664 -674
27 6530
384 2685
274 5210
-944 7724
-508 5470
333 5966
941 6202
-955 2625
-588 -395
-416 797
658 9559
556 1858
352 649
-326 4405
-800 9463
-522 6638
19 1221
-713 4459
-437 9222
-971 5021
-285 6706
-113 7693
624 5518
183 -957
26 3152
365 9199
659 6158
-63 7891
983 946
-254 5588
-972 4726
921 2587
771 6783
-887 1282
94 4086
-138 6912
-246 6695
-574 6584
579 5990
-599 9817
708 -374
607 2186
-714 401
287 7890
222 5036
-663 3418
631 1360
423 -133
-721 -454
789 7488
-188 7471
676 2570
-776 5013
940 5798
346 6742
436 3109
875 8189
364 9780
-228 285
-729 98
593 6247
-35 2113
-738 342
435 7574
864 3259
349 6978
95 3103
678 4924
-233 1263
806 6103
491 5178
612 1575
-381 2146
-382 1047
-895 2458
193 -138
-848 2777
-568 7639
-76 4016
-343 8599
473 2178
-662 5378
-641 9961
440 1820
736 895
-561 8456
-883 5858
736 3650
-116 2954
455 6711
-734 2313
-586 7084
-768 4642
931 4939
412 7243
-823 4473
-593 22
-851 8784
24 3537
550 -32
321 2576
-410 684
514 1239
386 9818
421 50
544 714
-814 3354
-481 6479
-580 7193
-60 5279
-147 530
830 1696
528 -592
-693 8796
467 4474
787 5886
-433 -681
866 1005
-953 2796
213 6418
-348 9104
719 1903
864 1517
788 9931
-271 7878
968 4641
-87 1218
886 -95
-586 2835
14 3875
-566 2633
-213 6700
18 5557
435 9427
-107 7892
92 -609
-955 719
732 8998
-972 3316
-161 3038
765 3199
621 -404
-982 9089
-499 3276
995 2998
-729 5231
-760 1378
112 753
-938 8829
-749 9292
569 738
685 2975
420 8751
189 8915
846 1154
-449 8334
989 2053
-234 7722
100 2186
348 8931
926 4531
-69 6916
736 1698
835 1460
101 7890
82 -481
-958 7412
37 3163
-268 6633
603 4175
-715 5296
-329 32
-153 9502
-880 6589
705 1049
607 1698
-561 3568
863 1022
-587 5255
-60 5965
7 -63
782 7867
909 5209
-716 2895
-600 3958
206 9154
-276 3886
-378 3816
-310 8130
-849 7324
142 2072
-58 7070
-852 233
-294 7771
889 6534
131 -670
708 9608
-403 8332
56 593
272 6502
901 9132
-511 7541
236 -856
-477 2075
-780 9864
-848 6037
-87 255
-675 6180
44 9339
-130 1166
447 4303
842 6536
-148 1313
537 4156
884 935
1 9879
-349 3079
-332 8393
498 3416
-887 5112
-964 7466
955 6625
357 7324
300 9226
686 -389
668 2399
273 1810
-895 2334
409 8193
-786 6613
530 2478
-283 8715
729 3957
-101 4519
-367 9740
-667 8774
287 5079
373 5654
-749 3232
875 1522
-445 769
-468 4666
-465 571
663 3774
742 7081
600 7083
-400 3791
307 -799
551 1657
679 6816
-808 9440
315 7767
-379 3341
-279 3821
-346 315
254 3592
-38 8843
941 9178
571 9620
-26 5478
-476 980
574 2801
-961 9338
428 9638
-975 8532
-449 921
-831 6486
-265 5305
678 -656
-733 7678
-69 9046
-288 8268
-894 1827
654 2439
-94 8517
-457 9313
720 3999
-352 7490
932 851
-637 -429
231 7877
581 7081
-861 9558
-928 5249
296 7302
499 3075
279 1489
-88 9347
-861 7945
-923 4108
-529 -418
668 5004
236 -797
291 1941
-593 6252
698 3673
489 335
-176 9435
125 8668
-119 1565
-663 6350
-425 -6
191 308
319 1889
814 2865
993 4721
532 8003
370 579
-246 3159
-18 433
-662 4847
752 9023
-720 9504
-641 9279
-730 5928
313 3566
93 -483
217 4404
-342 5589
-207 1737
37 6238
883 1617
883 3478
-718 7352
225 9893
-234 3201
-144 6342
-118 411
693 7171
769 6393
281 5998
-370 4990
662 6406
432 4144
497 3275
707 4965
-548 837
-68 5186
-880 9398
-215 3891
493 5330
-161 3129
903 9344
-35 4047
998 2230
456 3591
-347 7043
248 2839
324 1274
807 -250
-69 5003
469 3595
851 469
-798 2468
-252 5624
138 7190
200 3045
-272 5336
-761 9798
134 -410
-945 7399
528 8535
-932 -454
-719 5162
829 4752
-138 6073
-77 -412
-866 8157
-614 -746
-101 4444
-199 7119
422 8814
739 7848
-492 1569
312 4448
-301 6708
714 3829
-47 2817
-122 2494
289 9907
692 353
-476 -59
-844 838
38 -267
-652 4553
648 6987
-918 4093
474 2350
-818 1436
-430 -933
-108 3406
43 1144
515 2736
793 396
987 -940
-665 3299
-537 5830
128 8829
389 5742
-288 8328
-523 8777
246 854
708 5026
570 834
246 441
708 6529
-987 7741
-756 2813
-67 -481
520 9817
838 9220
-246 6843
-888 2367
288 67
137 9067
-334 7694
-498 4985
-352 6929
-383 7082
-781 3977
735 7516
-699 9447
-640 4461
875 8177
-185 7946
-255 9207
-406 7905
628 369
-885 794
407 3545
893 2584
639 5024
759 370
395 7816
-160 7908
-541 1237
-179 1498
-886 4423
-293 6686
-632 6417
-652 6803
-659 2712
701 8003
-228 7788
629 3194
6 4012
945 3337
-324 4128
-839 3152
-723 5320
-385 1384
-289 1808
307 -905
387 9417
-339 7490
306 3496
761 1086
-299 5234
-420 1562
599 678
-580 5008
306 4137
115 1256
689 4978
644 653
-323 989
-560 6847
-494 2816
-740 3627
367 8870
-910 6109
403 8977
-698 9049
-777 3551
-655 5609
679 1723
283 2199
-850 5376
-753 6116
314 4014
305 7420
-572 4654
-628 4476
-796 9946
-463 3339
800 798
240 20
-957 3463
146 2559
-876 3604
-518 2894
532 6687
188 6624
750 2439
-162 1580
479 -318
-46 4208
-778 7119
972 4548
-182 -285
-387 3379
-165 5510
488 8757
573 5601
-352 1760
472 8772
-639 6974
-527 9505
-649 5158
268 8579
564 5692
-442 3078
-575 5150
808 3832
-984 7228
424 2544
801 737
-594 3153
-570 1773
-984 6852
-183 5624
-71 4024
-461 8146
-563 6759
-760 7554
766 -49
-722 3493
902 1850
-366 3703
-654 7368
672 1413
934 5626
-481 2705
-700 9472
-395 1308
961 -701
-207 6180
-232 6874
229 -75
658 9125
-76 7577
-158 4817
618 1654
335 159
-14 7833
339 4721
-255 6831
-672 5844
-910 8431
-861 3235
-867 2941
-813 2789
-284 6111
-494 2705
-201 9315
903 654
691 6614
394 3858
826 3492
82 654
63 4420
587 5269
-687 2266
530 -906
190 315
852 2200
-543 6452
-20 6348
802 3066
-997 6317
-961 1650
-773 2947
-331 9282
-866 7199
550 9268
-723 8572
565 9595
861 -632
-512 -617
306 848
17 415
521 5467
-399 6047
342 6738
-577 1403
-722 1018
-775 8477
359 9345
296 6194
938 -434
-171 8443
-29 5371
940 5630
869 3231
598 7765
114 3188
297 1227
692 -556
-534 -52
354 2656
820 64
753 7408
-38 7137
517 142
541 2545
-322 -931
-24 1686
590 4586
668 7373
-803 3182
603 1467
475 3567
819 6351
689 1081
-823 -866
168 9936
774 -171
758 4807
290 4488
-398 430
474 5337
-14 5771
-431 1528
554 302
619 7182
-71 1560
-267 3545
-125 9578
-314 -19
415 979
78 4405
-807 5192
164 2155
-61 2687
122 663
388 2792
374 5908
863 4660
787 4036
791 666
44 8309
109 -249
-234 5916
249 4903
933 5946
294 3657
764 9522
680 542
-618 -188
172 9250
578 -439
842 9350
-230 1380
-67 9504
-356 6959
395 2725
-683 1365
-810 5671
667 9544
-617 1960
334 6788
540 2183
-379 5248
526 1428
-371 3760
-95 1470
-815 8096
-817 334
-151 9273
684 6548
126 4398
-46 -964
211 1192
-761 1546
-855 8505
94 437
-463 8322
-163 7302
342 1141
994 7158
-470 31
-48 641
610 4469
700 2406
923 2542
280 6857
-659 6799
299 8714
-870 5723
-74 92
431 9455
700 7652
-67 7710
621 3422
-569 6315
515 5755
-275 -895
-661 2256
505 360
737 2136
-854 459
-149 5780
-573 8380
-159 5322
566 8027
-716 -785
526 -456
256 8796
-794 2537
545 6969
761 4311
337 -148
-465 5920
953 3419
42 7181
594 4177
88 5688
580 8122
-322 5278
411 1181
-491 1268
572 9843
-453 8233
968 4732
-88 3380
-575 4388
821 6457
-22 4599
966 6270
-388 -865
427 -48
541 7150
-345 8532
-162 6006
-907 7842
-356 8199
222 3632
933 8965
904 3120
414 5265
876 2822
-986 7651
-19 1128
569 1986
775 2905
482 545
474 67
412 7457
49 9659
-939 3759
120 9363
-650 3718
122 2474
731 3210
-288 409
230 532
-881 9355
-655 3321
527 9481
909 4334
305 2631
164 9504
-910 3481
-881 9882
-396 2364
870 6681
-599 9908
68 4674
-471 116
-286 9598
326 2815
257 2554
-161 103
-989 8576
-599 1090
547 7961
-857 5386
755 8843
-834 -437
557 1343
919 4283
135 2779
-503 3832
-316 1734
292 331
142 969
-411 7428
328 6777
227 7298
-894 7097
-653 4294
785 1808
742 3792
-801 5148
865 1478
-834 9713
-40 775
95 520
-853 -707
-926 9622
482 4214
894 3494
702 1593
-424 8
-253 8367
-792 3849
867 7255
925 5387
817 8594
422 8824
-390 3679
538 7429
290 8058
314 9380
-700 7781
-550 3473
430 5249
-722 -252
615 1774
-972 2178
-734 3669
96 7020
-56 1065
945 6752
-904 2382
-588 2105
-441 4520
413 2038
-457 530
944 -4
781 9223
379 2670
-537 2304
-433 8599
-764 9129
965 753
862 1905
-129 8081
-912 -172
10 1857
924 4358
554 678
-219 8389
-960 295
-904 8319
-163 2649
364 3578
768 936
848 -216
539 925
-2 -322
307 -751
-684 9717
817 5390
-404 7735
-972 8405
228 4446
534 8999
53 1054
871 5880
-94 3341
-70 4705
302 -604
-795 3844
-447 6911
14 4278
119 8504
-814 7127
715 1091
993 2003
-447 305
205 3743
-1 -498
-514 161
-809 3033
-412 -326
213 3600
-912 1437
418 6985
-548 7389
-115 2723
-24 1375
-91 4170
350 1344
526 4012
530 -672
148 8858
-516 474
338 3363
-699 2638
659 7869
391 3832
210 337
640 7532
-455 -589
246 -143
690 6999
682 9910
-136 2275
-8 5485
-256 3135
200 5180
-38 60
-93 -69
-566 -847
-554 4822
803 8543
995 2445
412 7386
-656 3550
-302 4391
-809 1381
-103 9414
234 4958
10 935
388 7097
605 3442
-154 7237
-695 3593
951 -149
-656 6802
318 3216
-481 9352
-246 7415
-632 6511
-458 7339
-272 8561
-23 6019
-59 3148
894 2729
-849 7415
-770 7214
425 166
478 9751
-892 5529
-525 8468
-846 1013
222 7232
-290 3456
-822 2824
-20 3204
-397 9408
-171 201
485 8316
347 4817
270 924
334 9368
864 7749
497 8666
-427 7264
-950 6175
232 298
-516 3527
321 9251
-752 4849
758 5384
431 5314
985 4631
539 465
-140 1396
-81 1476
725 9873
848 6318
737 899
-273 9444
-199 1530
-748 5473
389 4239
787 4302
-575 2326
-558 4795
-708 5005
989 7586
-714 3825
-298 5137
-330 4817
-858 3456
348 7611
257 1579
995 9669
36 72
-801 9928
-466 -582
574 8804
-364 5094
-663 -228
53 9380
990 8452
-571 240
-391 8355
977 1002
-871 9029
-513 5673
-165 7799
-352 6248
674 1411
-27 1591
-878 1998
-957 4324
-23 6139
982 794
92 6870
946 9531
751 6451
763 7407
-250 4754
-712 6622
134 3132
791 5335
-422 5790
-998 9288
299 4908
360 2187
-141 674
965 5599
895 5347
362 -198
-146 2349
975 6817
526 849
516 6803
-588 -535
833 6547
-486 2753
773 5888
829 6574
180 8117
-95 7548
170 8043
-227 3270
-698 2334
261 396
-45 8175
-362 905
-187 9757
-757 5486
-366 6552
-585 8311
422 7576
379 5654
396 5698
136 7365
-453 6191
894 7890
-724 5566
-206 4671
237 5382
-313 4409
151 1126
-341 9830
-611 6391
-5 290
794 4470
-459 2909
-622 7008
929 2172
-673 5504
-929 6484
-333 8770
538 4908
-863 3195
-391 9268
422 -53
613 4875
118 6100
361 6414
-563 6739
-800 9609
808 3459
653 2498
962 1095
-678 -478
-461 8156
-809 1884
-369 8627
-516 9156
-532 6413
460 2042
-142 7920
-65 6572
469 -180
77 8595
-38 3659
-918 1699
-684 3005
138 3215
755 8438
-305 -435
-632 6226
-912 4998
-627 5482
49 836
481 6741
210 3465
610 8206
543 2429
-551 6722
165 1734
-500 3621
112 89
-468 3838
793 8634
883 3753
572 2183
-841 7781
-79 2026
-819 2377
317 860
-39 9342
-885 2476
371 7087
-821 5250
-360 2639
-855 8305
-481 8679
693 154
-241 7880
879 9019
734 3984
498 1803
719 -154
591 1789
714 5051
705 2816
576 9759
381 -377
-302 8828
889 542
-377 6057
-738 4247
-42 5110
-461 7501
276 -772
-722 4584
-873 9643
60 7605
-801 2906
354 255
719 3781
-970 6075
-650 6451
-690 5117
-530 6365
-64 1852
581 7025
-234 2347
218 1791
-744 8966
-257 48
864 8262
-189 329
-631 7515
203 219
375 5031
-464 881
-380 7919
-295 8184
-915 7020
-451 -713
-725 3976
-577 -288
-568 9834
188 4474
874 1661
694 7596
-797 4354
244 7318
224 6053
-614 2957
-904 -993
151 9885
-326 -867
-225 3309
-137 3058
-756 6246
-898 4703
605 7668
-824 -294
-515 1021
-987 7249
-361 5824
-358 2350
-486 9139
-138 2500
-799 4066
79 6117
381 6494
21 6072
-801 6385
-656 3395
172 -876
-476 8070
544 9611
-770 3614
-932 997
-985 -10
512 -738
196 8367
-716 2556
-877 6083
-421 8827
-452 3880
-697 8293
-997 2373
813 3979
846 3922
119 5727
142 2980
-693 3690
854 7188
261 1766
-823 448
10 3148
320 8656
-722 6464
-566 7431
-435 9639
-847 7860
-627 610
151 9240
-400 8177
57 9781
245 9296
-255 8867
690 534
103 3031
98 4430
-674 218
512 7821
-800 3478
619 -57
-82 8309
-820 2911
151 8092
-946 8929
952 1396
-163 171
891 5768
-251 6139
-429 2055
-174 -670
200 2747
-1 3952
481 7011
-317 8868
-430 3858
-198 2736
-921 8664
267 7121
346 2897
111 2752
-340 1225
-563 6197
184 3834
-777 7905
520 861
198 1844
201 5577
-997 836
-74 8712
-414 4928
-199 -306
-193 4515
895 6167
165 7501
984 8501
-981 9150
-512 7613
355 5074
-368 9402
466 6916
266 2917
683 1062
952 1225
323 5109
993 5789
-959 -957
-74 7927
929 5124
-797 7683
-569 2160
800 7120
483 5765
17 3387
-976 8611
-307 167
-246 -265
986 3027
-974 8940
-227 8185
-456 421
-451 3898
-916 2549
393 6658
-525 3578
-125 -442
-117 8815
568 3335
989 3711
582 -94
879 -9
-906 663
427 8391
-295 7815
-567 4660
-407 3271
-677 4664
-982 796
-660 8536
-846 592
610 7348
-969 1688
885 2770
637 3594
611 9814
-484 8081
-934 585
135 8135
994 7337
587 498
986 2276
-348 855
-628 1825
699 6618
939 780
428 9015
718 638
-112 7418
-534 2466
-887 4757
-632 5654
-661 7145
-221 2865
-290 -391
623 7671
-792 9993
470 4030
-414 6173
-144 -825
984 -1000
282 5585
42 784
331 -430
-438 6341
-126 453
-810 5806
980 559
-812 5187
-517 4279
356 6008
-887 8278
-767 136
628 6666
125 8085
-181 4235
-457 4945
665 5632
-354 5310
874 8672
-959 464
-420 7506
711 2384
552 2732
469 6580
-949 2644
224 5091
-769 8558
687 -750
56 5601
618 9170
-881 6143
-594 629
332 8631
19 9423
-618 7183
693 8018
805 4584
411 5740
-509 9452
-451 2000
-534 8337
-573 4714
-968 9071
-318 2134
-675 8287
312 -903
-148 2856
493 2421
168 2040
985 -587
-794 5451
446 9530
-857 2847
682 9836
-92 4450
-251 3604
508 4595
-455 7533
-642 8548
3 142
975 2629
-476 1652
-731 2350
-592 5262
-373 6213
-298 8876
-46 1804
-851 4646
-765 1041
141 3001
-216 2893
92 8341
-693 -558
-227 6995
226 -288
-328 4318
72 1415
260 8044
-344 5604
419 2209
619 7649
-550 1714
-318 5122
-939 3702
-935 205
-198 3111
-25 7236
985 9588
464 8257
88 7903
-72 5598
-762 5925
-621 5911
-348 9619
432 6118
109 7273
158 7347
-810 4008
-253 2216
-624 9437
-768 5390
-528 4418
170 1559
-223 8586
858 5660
-191 5431
-400 659
548 2104
258 2382
-31 615
-1 8584
620 7401
-528 9711
-649 -852
886 1673
773 5010
-950 -464
-297 -410
946 3417
861 1786
321 1786
430 81
-431 4613
901 1775
-282 2441
106 1397
-750 8050
24 8429
141 1341
608 -958
-282 9945
-673 3593
-276 1450
-578 2975
896 2883
382 1377
-60 4841
-282 7718
169 4405
810 8719
426 1389
705 503
25 4011
-484 4235
-865 8038
208 4756
502 1274
291 860
354 6043
-97 2056
443 6391
-529 3425
366 4780
668 5558
-617 9152
-902 2300
-732 -548
-761 8236
192 7883
-632 8140
77 3985
-584 4270
-500 1415
-513 1048
178 5267
782 1288
-382 6322
-929 1398
308 7602
153 7439
593 7074
365 1587
-312 5360
638 8557
696 4699
910 3183
955 3759
-890 4448
740 5621
-510 -685
495 7515
8 8857
240 8897
-892 438
-499 -598
-698 4257
-394 3399
-292 3600
596 -663
-443 5398
731 -126
-856 871
413 8569
-894 -11
463 5109
-806 1906
792 6187
-718 5815
-141 7083
465 551
-186 500
745 9370
-334 2816
691 5727
836 5824
-352 3615
-675 2705
851 6269
-907 668
180 1957
156 5912
974 -963
-828 6419
914 9849
350 5914
-647 2016
-743 -987
-556 -511
-94 6714
0 -327
-965 2676
911 971
-552 128
259 2474
-936 -868
801 9870
186 8352
746 6719
-682 2256
739 9001
268 7397
733 2319
632 9921
861 4059
789 5992
-485 5756
-429 5856
831 479
17 5925
-598 89
342 4022
-338 3419
926 6531
27 719
223 9420
-559 7167
-894 2741
627 4169
-709 2023
-706 7565
-762 6846
-58 3664
140 670
-604 -201
-897 4271
-464 3386
-195 4731
-176 8986
839 -311
-229 4720
793 -23
706 -930
-467 5770
353 2431
517 9345
-579 2474
827 -266
472 446
-716 6528
336 2128
-687 9377
-455 4689
-729 3842
320 391
-121 7178
-574 9820
275 8183
375 2527
-474 -985
-449 3215
-890 -949
705 2366
900 9647
-222 7774
-258 6880
916 6186
-807 1068
910 2538
559 4447
446 -270
-199 2523
-175 1877
77 4322
-982 7636
567 2793
-845 351
-146 8380
431 4884
600 3384
957 8501
-992 9123
181 7782
252 5591
225 7258
-504 2311
87 8191
-947 6439
-105 3091
-485 5053
-368 1152
337 6745
-448 4
-490 -280
-139 8578
-130 5169
741 4678
352 3611
-124 7658
-745 6511
553 9268
464 9887
936 8311
182 5007
919 4891
509 3802
467 9499
-306 7606
-34 7347
-395 2872
643 6053
795 525
-106 4494
-773 3046
-577 2183
778 6034
994 5487
-171 1544
-201 2938
-598 4446
551 7985
-968 -478
-567 164
735 398
165 8371
826 8002
796 -314
-779 9087
-372 3768
-271 4194
413 8174
-346 7668
-18 4927
-9 5757
-494 5520
-49 3854
776 2841
492 7386
524 5052
-381 3573
158 -507
706 3574
565 -797
-98 1767
519 9290
877 1066
362 5730
831 1276
-1000 7143
-379 1084
-725 2933
-7 2306
-853 8740
-280 4266
-504 8658
610 8907
-490 1274
796 -238
705 561
-475 3341
903 -726
-970 7813
-766 2509
-743 1661
-587 7646
395 2048
-97 5624
996 4300
-374 5526
-63 7046
455 8703
299 5982
890 2381
-502 9968
-466 2041
-140 864
-341 5450
-481 9000
-341 5689
206 1304
-775 7856
433 1121
-866 4283
524 6006
-682 6011
582 775
973 -965
330 4805
-442 5678
-266 4355
913 5810
-354 4895
984 6584
143 7308
594 333
-316 2405
519 1954
414 751
-164 4460
131 4083
-95 4556
461 2089
975 1829
906 9381
-540 -575
-532 3848
-385 6994
-486 3056
152 6732
501 1076
939 9001
-119 8555
936 6569
71 425
-682 50
433 8677
791 3427
530 7759
-43 9474
189 7739
-533 4151
508 2383
700 4453
-28 3873
-555 3605
119 5842
-360 3383
-478 8310
850 3462
720 596
-463 799
-777 5246
-736 6368
512 9334
-598 -913
208 9022
-614 3330
-157 7158
580 5077
-947 430
-291 9439
-645 1792
531 1202
391 8169
-107 7249
-638 4563
342 9884
-449 1144
-844 3615
406 2657
-745 -466
-268 1886
459 7386
178 -24
400 8918
50 2314
-672 6405
-725 7179
299 109
783 5155
-343 3909
123 5308
-404 2376
-272 1871
13 5966
-568 5260
-344 8480
-926 6708
737 1579
-666 5240
-223 7246
-599 8564
566 8612
567 4010
718 4319
76 4766
157 1287
-79 777
-233 474
-402 6342
463 -640
529 9572
-839 1833
300 4369
687 -720
989 2396
832 5441
-436 308
-155 2049
829 9894
186 2154
-237 6703
523 5776
556 2217
119 4573
654 6879
-677 7762
848 6510
-643 8167
-440 7549
955 -29
970 6835
-580 8887
-34 9643
-909 5434
-273 740
-471 4496
-159 6693
-852 6261
-720 -463
-535 4482
428 7182
984 5723
536 7296
745 308
283 9282
987 4695
-345 3383
-834 6091
-523 3434
-346 3443
341 3850
-582 5709
690 -922
43 7662
-775 9649
-415 956
-32 5356
585 2312
822 6100
334 5650
145 5426
567 5161
919 6791
918 7934
898 -529
-406 6470
198 6991
887 9270
-606 1809
338 276
-269 480
-2 6699
-966 9535
228 9621
11 133
204 -534
-667 7200
-690 1416
431 4156
-212 5177
695 6772
-820 -569
-845 790
-923 -622
174 524
-259 6855
855 4689
104 9093
-114 5638
105 8017
-317 5594
-890 -974
-905 5358
-975 6463
-48 4956
-367 514
-460 9825
-955 7312
-34 -982
360 6359
-631 3690
580 2707
627 6535
880 2642
800 1228
-497 8954
681 3585
-858 8533
610 4803
867 4912
3 899
971 -832
-363 -345
628 6580
367 3407
-181 3249
994 6139
322 9590
621 6745
-67 8443
-48 5355
-851 6731
640 122
195 4410
612 7636
62 5067
-566 8887
-448 4557
669 6288
-740 2936
-891 6664
788 3145
-517 3399
548 8971
-223 2710
-876 9620
253 8226
94 9600
330 2250
-410 8297
-693 9681
879 7575
257 2708
950 8456
538 7312
964 38
643 1932
-584 3286
-702 3816
-540 -860
738 7462
-344 1065
-86 6844
770 807
199 7319
965 9340
240 3090
842 9681
532 3520
559 4934
-386 8877
256 3123
815 3194
-554 2025
55 2751
606 6914
767 -352
-554 6409
689 6079
45 5949
329 8819
-695 667
571 -720
-663 5920
-808 8612
-825 4825
-960 6632
-66 5361
997 6372
325 6962
-473 9405
-414 3670
-334 5486
-449 -541
-643 4467
-475 3516
795 970
743 8594
-145 6510
910 8107
-65 2539
-418 8566
-15 -291
-837 1037
700 8325
-455 3104
-779 1582
-367 -802
-229 882
-934 6436
-246 1618
398 7895
366 1815
-54 5783
70 2695
-150 -88
-631 7329
104 941
-376 8419
851 4790
277 5476
511 6898
-792 -747
486 1019
388 1593
-640 7874
-557 7175
-939 4424
-247 3258
248 8652
88 9513
-308 3302
703 3019
666 -1
-355 2342
64 4122
744 8362
789 -849
-728 6059
-201 2219
-761 7823
281 3293
695 -207
-161 1416
691 2438
-276 6099
-862 5518
652 1625
39 1780
793 3939
-840 7885
-156 2395
223 2714
-731 5657
-360 430
-361 5125
12 1511
-753 5049
-685 9599
-743 5418
88 3609
608 4121
-921 6795
477 1232
-143 7248
529 3564
-932 9104
-377 1441
-364 724
512 -595
75 -179
-45 6118
-436 2996
279 2009
101 5621
251 430
605 2773
-258 9352
-526 1663
-841 7670
-389 8034
783 -160
-111 464
347 1365
-288 4812
-967 7274
-130 6180
-490 3179
-92 4965
63 281
169 3276
-176 8404
176 849
-302 8625
-253 1400
669 8622
-297 7759
-859 9953
102 5757
-555 9479
-183 5434
974 5862
-772 6033
984 9535
336 6879
-551 6745
20 1198
-315 5819
-118 8625
262 9798
-162 5210
-469 8932
-742 8083
-928 -648
-720 5866
351 3558
932 9630
-152 1192
-334 993
60 3408
126 -513
-592 221
86 9136
436 -114
400 7947
108 8823
-257 4263
248 7962
-457 4338
-715 6702
-952 584
120 740
930 5076
614 591
-675 9286
-219 8950
755 8462
-677 8550
361 3038
-496 3492
-6 8252
455 3858
695 7891
280 8727
454 527
882 7514
466 7417
532 9464
-930 2610
-14 8361
184 5386
-709 9506
-293 6089
-699 5733
47 4219
-544 8114
-753 3484
-35 9271
776 16
-499 9380
-330 9560
7 161
64 1369
47 2285
-673 6450
97 4421
375 8022
260 4325
296 5055
668 1415
878 1437
758 948
2 9947
-486 1127
690 2602
-900 4874
-683 9901
-625 8394
855 5202
-608 4619
-247 9494
-313 5163
-663 8724
988 3598
-561 4175
-252 7128
-231 4159
109 -526
-864 1089
783 7957
-894 9238
387 4349
-105 8175
306 2797
521 2169
45 8668
-987 538
-155 4170
-41 9197
872 1361
-165 1928
-835 -883
956 8486
215 -726
412 7282
-527 8910
867 916
119 4256
404 9018
683 2059
-204 3292
-174 289
-890 3561
405 4106
62 8559
-903 3529
422 4693
47 -482
583 6439
930 5674
-651 356
-251 2530
784 9578
53 7861
-890 1384
861 227
214 3797
-744 9358
3 4327
-130 -162
97 6895
-372 4127
346 1089
959 8211
811 6916
856 6422
-32 7772
163 7832
364 -247
-557 9571
-893 4686
-690 4243
610 9299
696 7108
873 4817
757 9500
49 7606
257 5955
-727 6678
-17 2739
754 9840
-309 -798
946 4960
716 9606
669 3740
67 9351
744 3453
-735 -323
-805 2478
-409 9183
313 358
955 9533
144 2611
-109 6842
-510 2120
-362 7903
-512 2204
-20 196
-873 565
70 8002
-208 -481
-652 1699
649 1633
515 1891
903 9752
109 7412
-341 1772
-5 2933
83 3413
687 9449
-870 458
-250 4376
-651 3367
-275 2299
-258 1485
-745 2450
537 2575
824 8550
284 2320
-966 9302
198 1247
636 5950
76 9870
75 4016
375 7865
-12 3527
854 2233
338 3428
-546 3078
540 8111
75 -640
-319 8881
-280 526
-697 102
-306 7585
-152 6896
373 3057
128 -676
848 1126
-566 3228
786 7298
-900 2249
994 3326
-314 -979
-441 2079
362 8538
221 5438
-815 1908
835 2826
648 5132
596 8568
-192 2700
654 9273
798 6895
-796 196
-465 6603
-712 1239
310 199
-252 3412
-320 6862
-725 5275
998 -283
-642 5084
128 -969
-497 1093
-940 9966
473 8479
672 4753
-207 9286
822 7628
350 595
16 2823
983 4861
515 7027
83 5530
-158 8583
-467 3614
98 299
-344 4033
-337 6854
132 -14
-415 3334
-581 6997
-808 -260
-776 2859
-808 6245
-613 9938
696 -538
331 1905
-111 1098
-713 655
480 7068
972 -404
-719 5649
232 8517
-659 252
-250 5987
41 780
-66 3166
-349 816
281 1771
507 4844
760 301
-596 1488
247 8297
-987 7148
623 6430
801 3431
-640 1624
35 6810
-32 7257
763 7090
588 1093
606 6415
-512 1978
-299 9443
-572 8034
-308 9385
397 2156
519 9907
-125 8535
-630 5906
327 1682
-49 9866
-215 4048
91 -166
-48 9159
391 7579
-498 534
-481 -494
-300 7945
839 9479
564 9297
527 1568
103 1562
-577 6565
95 5529
490 9362
-197 9293
408 274
148 4218
323 6315
-297 6898
-699 2579
503 3381
-689 9706
-639 3945
629 -851
-791 4061
-893 2398
-213 7643
248 7501
-700 5452
-488 5527
-483 1595
643 2453
-505 4719
-402 8019
-431 916
6 -775
-130 5610
-500 4941
-477 7996
-666 1770
-852 5365
652 4253
96 7425
673 7237
-557 301
919 7466
-425 -304
223 7854
-821 547
729 9325
290 2493
-56 4256
391 522
900 4065
779 5799
343 8475
-398 -132
-518 6862
-785 7291
-134 -35
411 3041
-644 1428
269 -966
-830 1793
-554 3510
474 5418
-555 3544
397 4930
-548 615
724 7667
338 9954
-535 6512
990 4633
-821 9967
868 9260
-365 5615
549 2088
939 7638
-1000 4154
-392 -600
115 -416
45 4502
-740 493
-183 528
-30 1174
-154 6132
-179 5618
379 4172
-305 9865
-509 9420
-296 1784
-419 3731
-325 4790
418 3643
-649 2126
-253 2293
-876 9480
-425 3457
-590 7524
-463 3845
-707 7955
665 5710
-738 7512
765 6731
118 5835
452 5047
-56 7193
-204 5175
503 3164
-50 -327
-553 5024
343 9910
-194 204
-718 -717
945 5227
580 6356
-363 9283
-590 -482
-997 3100
-166 8100
711 3420
200 3943
320 3064
834 3496
-486 4272
621 8874
977 3483
-141 6150
-770 759
-798 987
815 4616
-27 5219
277 8373
-528 2902
-945 4167
242 300
-811 3015
-610 2667
548 4354
-865 3622
-32 1608
122 -387
839 5861
-147 8405
-735 2577
109 88
-625 5506
684 9775
87 4678
977 7194
577 501
-569 6317
757 3658
-21 -971
-997 2890
-180 7493
483 9508
-187 2065
392 3453
-35 -890
-642 4198
-134 878
495 3001
-280 4767
517 8734
-52 77
-756 8727
-364 3117
-49 5270
839 -234
-756 6094
-770 3409
32 9802
497 9001
-942 3231
354 5747
509 7520
529 615
879 551
172 -185
-706 152
428 8066
-851 5680
634 677
769 2533
-899 8707
482 4980
-703 2550
518 295
-909 5601
-489 -750
386 2088
651 8961
-748 8536
966 7932
-121 3161
-404 8425
521 883
-638 869
-191 4099
545 8016
-69 3590
-215 8891
177 5240
-936 1672
914 1365
-9 7861
-137 5086
287 4505
484 -9
93 166
636 775
119 871
-448 8743
-803 9605
-48 5006
599 295
282 5106
-565 1189
621 -789
-260 -804
841 8229
102 1653
880 4641
-326 5797
-698 -241
-255 5473
344 2710
652 3457
794 4217
-21 5656
-281 6647
-329 6268
633 5782
-439 6733
-827 3846
-118 9470
-205 741
924 6137
-751 6321
599 8456
-237 8513
-662 3125
159 3663
4 7563
175 7153
208 8866
606 8422
41 290
629 525
534 9490
230 2522
421 3637
942 646
-562 8219
-603 1569
-987 858
299 3307
498 2904
901 2762
386 3451
284 677
45 6728
-30 8321
-176 404
-256 1999
-599 2914
417 2643
966 3294
-488 2516
882 1461
-466 7011
-995 5441
-683 8667
814 8908
123 6461
-723 659
-24 2576
-822 6249
433 5840
-590 -942
140 4023
-53 -2
853 7413
589 5592
-638 3051
-47 8492
407 3942
-712 6224
-374 8427
-698 8553
29 6920
-894 5268
37 5249
437 5667
-306 -554
223 7008
-476 9130
673 8272
-600 6409
-408 5961
774 8835
-833 3463
293 6995
926 -641
-240 8582
649 4522
348 -641
755 -220
506 9077
181 2497
164 746
-395 476
3 5860
8 1058
973 4746
540 9377
-776 4859
-60 8128
137 7064
-796 5655
-519 7556
-810 2858
-506 3302
-343 3560
592 9374
502 4615
790 6370
170 -43
509 8698
989 5533
-884 646
-622 7245
440 3990
-650 -996
-805 5365
379 927
-786 8936
-587 971
165 6974
189 5323
-823 9842
652 -215
854 9686
854 -635
329 6635
9 9394
-861 8531
667 4500
-485 6919
187 8671
607 551
-346 7906
-183 8505
476 4884
289 8755
-271 9734
27 8278
-38 836
76 -463
-926 3378
486 250
377 5622
-617 7140
403 6618
-2 1559
-336 8403
334 2199
102 1254
298 8094
-32 502
282 9984
-99 4260
25 2592
-278 6016
-892 6177
400 5644
225 7875
-86 169
850 3384
-805 7512
207 1229
-78 2140
172 9948
716 -435
-642 5147
321 3035
650 8541
720 9957
146 4122
69 5294
-909 5399
288 733
70 4337
-421 4901
862 4393
-605 6134
-947 2291
999 7365
-647 8313
884 7589
786 289
-986 2474
431 7469
730 4537
154 -208
596 5896
264 5999
-36 1823
943 8481
-395 7350
-813 7304
-776 8369
-822 1132
686 7873
-873 3706
-510 1060
-591 522
-802 2843
937 869
-596 8697
-996 6574
-493 9774
579 539
-974 9088
-501 4501
174 5747
202 9114
-922 1034
785 -322
650 4043
-688 5320
868 5421
-490 3422
952 2013
-270 5662
531 -353
-588 7620
-833 5137
521 320
389 7674
312 3818
202 8797
-994 5906
-438 3888
632 6468
-721 -557
-307 2659
552 4444
-601 9588
-99 2788
-712 5995
-506 7661
8 1138
875 8524
185 -13
139 8753
-302 -638
-529 3410
227 3789
-508 8070
685 4678
-56 7612
283 1149
359 2042
-407 7624
703 2499
149 6913
-18 6238
210 4853
-636 6542
616 -908
-380 1071
42 9805
-26 3525
932 -735
401 1202
335 5392
-291 5676
855 3726
166 1787
728 2067
-857 5913
-484 231
-792 -81
439 1345
-630 8100
-127 4301
-866 8192
14 2469
-130 -506
326 2521
-83 -667
-676 9000
32 1867
793 3456
245 3561
-868 6091
886 1723
-460 2931
-611 1881
-136 8363
277 -743
402 5850
-177 7661
-113 8018
320 3440
-480 1384
663 1003
430 3680
-524 5888
731 9999
103 8557
144 5576
-341 3681
125 -832
458 9154
-146 5466
-306 2087
823 9952
-756 7138
365 7533
472 2525
634 3595
-854 1962
478 9756
-803 6984
-747 2972
216 9142
323 9765
38 2397
443 7208
354 3562
-193 325
-407 8812
882 2956
249 9548
39 2730
-150 1605
670 4934
-329 9773
-389 8883
440 3507
-517 -857
861 556
-876 -858
166 9162
-602 6874
390 741
805 3137
243 715
153 6664
872 4802
-787 8668
402 6122
295 9602
983 9443
495 3293
556 5616
-86 3205
390 4160
819 4922
-526 4172
-563 3072
-572 9954
-1 2825
-650 9359
-578 1063
723 8562
-59 1157
670 2648
193 2234
942 5735
722 7072
994 6392
-943 9473
277 1033
219 -802
-851 6004
-202 3214
777 9007
-884 7481
818 9442
183 2208
876 3718
176 4974
-929 457
-129 3786
931 3898
322 -611
-480 4682
782 5752
523 -528
-574 2787
-877 1502
-230 3950
-939 246
941 7788
-652 6680
741 7348
-165 4775
556 5683
-917 4131
702 602
143 113
-778 9106
-437 1830
-442 7513
887 8335
594 3487
-113 4654
-309 6195
-523 2563
-794 9496
453 8331
-760 7752
177 5941
326 924
251 -420
-264 3724
631 4836
22 -775
984 6546
19 5803
-408 5370
-209 2028
6 3589
-737 2842
154 4455
-592 2387
120 -445
-547 9451
-224 4860
131 3654
-775 8756
-651 -657
-633 9176
-167 3275
-95 3567
-877 1266
-799 5691
863 5642
816 7685
203 -568
-789 5287
-375 5434
-110 681
782 825
152 660
-482 8020
-654 3287
-261 6699
-598 9140
921 1228
3 3703
-559 6083
990 7493
847 9163
-396 7688
-137 5560
351 7858
-634 7390
-901 2042
-641 54
407 4329
621 6116
692 2919
308 567
984 -397
6 973
-302 2384
716 5789
966 -167
-227 912
-691 1961
918 4538
-177 1719
-578 29
58 6594
-491 2657
435 8887
55 8032
90 4577
378 370
535 1847
808 3539
-979 5546
-632 599
812 781
411 1604
16 8890
-401 3108
703 8209
79 2320
871 5685
-764 1905
697 5690
179 2690
-471 275
-279 3366
-601 4180
181 1473
707 9019
-824 3786
631 9403
795 6188
-349 443
850 3643
876 9079
236 1114
-95 4832
-313 7718
-642 6586
924 5861
733 2615
184 6795
878 1966
327 7625
-924 6561
-655 6434
214 5149
-669 5859
836 8085
801 8488
-367 -621
-378 618
992 6879
-132 4908
-123 1523
-873 3828
43 5690
182 1033
-674 3510
-784 2085
-117 1123
-747 6400
-849 569
-783 3195
914 5950
-519 3033
-796 8095
344 1879
145 5332
742 7480
372 9246
671 5155
42 1357
-999 9038
-399 5081
-509 7933
-475 5102
835 5948
81 1524
-711 9930
996 2430
-60 5953
825 8471
705 4936
642 6216
826 3183
211 7476
-585 8250
839 9070
731 1247
129 4958
158 9558
809 4617
454 2878
-663 3422
-972 6903
178 1922
-685 7439
191 7345
53 2921
147 5650
-569 -828
-762 9476
-444 7911
158 7921
-255 -340
256 6787
-336 8341
186 5510
-188 6957
136 3688
624 3599
728 3869
-811 6701
-827 7308
-499 6569
-684 1230
466 9057
622 1530
-971 1400
-416 9246
-341 8900
-676 369
474 7363
-846 8631
-999 -298
-57 2396
372 2865
49 5029
201 783
-299 4234
207 5312
543 232
834 3029
-395 3981
-108 341
533 303
-393 451
391 57
-446 3045
704 9827
-656 5543
395 4850
88 1999
-719 4634
632 4195
891 6376
-728 -771
-234 2018
113 7572
-63 7160
-50 -269
-641 8266
-386 9498
-431 428
733 218
703 2780
-884 1248
-531 6465
326 1673
-392 -447
-322 82
786 8285
994 6827
734 -591
-282 2398
-324 5072
610 4592
227 -649
-821 895
-414 -520
-859 1492
338 8677
509 -245
-723 8855
154 1378
885 2236
958 9912
601 5180
-791 9829
966 5318
658 2300
179 3118
-747 3729
-463 8053
-369 -166
-383 -220
-654 4329
928 4268
-446 9461
-497 152
550 9905
-920 3992
-986 5025
-518 1109
321 9445
-1000 8465
-258 4563
-31 -456
-696 4862
935 5730
-776 7500
-473 7476
275 1543
511 6641
563 3887
107 -661
-357 7729
-788 525
-845 6902
657 906
-122 8469
810 8926
-824 2753
-485 -605
926 2109
-581 9780
158 633
-299 9109
82 7595
329 8170
-915 50
506 9098
-967 5231
181 2183
676 7468
811 4717
-864 841
581 7278
317 468
-779 7928
-663 8040
-893 9373
-913 -500
-243 4520
-136 1444
389 -650
-107 5229
-41 7510
-244 999
257 7116
-313 1344
-95 7562
-504 115
432 6958
177 2749
360 1754
-449 4140
-694 411
673 4273
-669 9950
572 5605
-222 4385
295 5626
854 2445
-835 692
-410 7921
-883 4086
-153 1881
-649 3802
79 574
-366 4347
790 5282
567 5334
-618 458
759 6181
-203 6553
550 1555
-432 7015
298 6451
-451 2533
-786 3194
9 5847
472 912
697 4158
471 9718
674 3805
867 2087
-460 2583
-355 2770
193 1289
-3 5484
487 9699
356 545
-385 6573
-5 -781
795 5352
-756 2421
-601 3740
753 454
-983 4201
394 -302
758 2978
-471 7772
-509 7285
58 1246
285 2983
-516 1012
-418 591
-928 -729
200 7409
516 5760
169 9909
701 9003
599 3685
627 9515
315 1852
884 5486
227 -931
966 3941
-562 3001
-641 8868
-238 3938
-878 9832
-976 -123
875 4422
-817 2502
479 2947
-256 6432
776 6680
156 2106
-488 4
-79 6040
482 1977
-778 4079
-870 9783
908 5467
-664 1637
972 3356
-784 7256
634 2452
-404 7244
-32 7477
-677 4927
269 5559
166 9256
916 3234
-326 1940
57 3981
-299 -817
-990 -13
-317 1966
-739 2204
-341 8355
780 8786
715 9448
25 3757
605 9605
866 5223
724 6343
-248 4737
574 3993
185 6010
-9 7091
-856 9506
711 -725
563 4808
-989 5902
-115 8824
-176 5664
624 5386
836 1340
136 5721
756 5203
757 888
-454 7201
928 8511
13 3626
-622 8727
520 3995
-154 4269
-561 4801
-422 5304
-771 7336
-415 5924
568 7601
174 6503
37 4452
-970 6552
-221 8686
415 5886
-551 1732
-158 1756
925 -343
-192 4740
-777 6037
642 3718
701 5216
212 5319
929 2663
291 473
-84 1264
632 7183
-942 5108
811 7043
908 -614
-229 1728
558 749
679 6411
-362 7061
-506 5835
-534 7707
158 8006
395 6777
-29 8624
649 1460
825 -61
136 520
90 7962
473 5696
-748 7622
322 3654
-971 2043
798 1946
-884 -278
984 7522
-981 9328
570 1891
414 7969
-234 6478
952 -905
-568 -438
348 5319
-379 8130
-281 8352
-802 747
15 4944
-363 1858
929 1927
168 2838
944 3899
-830 149
-77 9966
59 4026
970 -794
-978 7530
587 5440
535 1267
-297 8910
856 255
-807 3607
98 6719
-140 3068
-470 3603
-954 3
-27 32
-115 7659
-802 6728
-335 5867
698 5805
392 8400
69 -743
813 9039
-192 7931
860 9838
-351 822
705 -892
-617 2093
377 7045
566 269
-756 1681
-837 2459
714 1709
-681 2169
299 8675
149 9424
-694 6447
232 5007
-319 -961
43 6660
273 1045
-204 6632
421 5465
-653 6116
425 4696
880 1004
-312 9589
-652 7391
452 5037
795 7438
-288 -332
62 8743
871 5299
203 4744
-71 -338
450 246
760 1394
473 6121
673 9455
799 8650
-771 5364
108 8684
-560 1990
-934 5247
540 8358
519 5355
-175 2780
-713 5655
206 2556
-942 1374
359 2480
819 25
813 8867
94 6070
960 9989
482 3538
-455 -552
725 9432
-287 4977
349 970
910 5528
344 4854
535 -7
48 4935
66 2332
793 3843
-965 8267
674 5258
-913 3187
377 606
-992 6115
24 6146
-949 6665
251 6388
-553 9422
-135 9373
-218 2704
881 2610
-446 9623
-117 9370
783 4552
-485 4111
-431 6977
299 44
-51 9811
-912 5160
849 -824
-698 6780
462 7959
444 4414
655 6482
956 5268
981 6372
933 3806
736 394
446 -582
-181 9361
662 7762
-2 9095
893 -419
531 -963
-881 7584
313 9381
-681 5878
45 3320
586 2086
-62 2580
-971 4017
-129 291
897 5278
-447 4870
-205 6562
187 1494
147 -208
-755 5578
271 6752
495 9670
922 2517
-55 2850
-565 -407
456 -470
290 6390
513 7266
272 4381
991 1067
-585 6685
-204 6722
304 5091
630 3571
-551 9104
702 4975
-711 3571
524 -413
660 7797
-564 4930
421 5696
-928 3952
91 6136
-300 9583
402 5318
-519 1792
-345 7807
-783 4571
256 7336
-547 3981
825 8143
-796 2318
186 6129
-871 -446
857 8530
814 1157
-852 427
762 9194
251 3796
-417 2573
-88 8230
-417 5931
904 -499
-60 8866
676 -800
79 8295
413 6359
666 2157
-469 6697
339 438
388 4855
-197 6146
400 7952
-978 6239
-205 5234
230 1669
-824 7079
893 8495
-591 3986
-701 -522
-994 3842
982 3511
-818 4974
256 1181
328 2084
802 5971
166 -858
-50 8995
27 795
616 6502
996 11
-776 -497
-407 3567
799 5327
759 7500
705 7428
-786 4870
-462 6006
183 7800
323 -624
-284 3025
47 -607
-530 3172
-712 473
684 6499
536 3880
676 99
-832 4249
-127 7433
-60 6929
-316 1393
844 1711
225 -280
485 6724
273 4274
-15 6176
707 2839
78 5325
-900 -45
672 3396
-71 2163
-156 8823
846 4900
-870 7940
492 9674
385 5222
-578 185
-973 -637
150 7278
240 180
-612 321
-710 598
348 9969
-623 2355
-376 9177
-59 -177
765 6394
-405 1211
-65 9074
168 3711
-555 2298
534 9671
939 2067
394 7389
155 2355
-893 1123
-692 3615
41 7459
-166 8235
-121 5135
923 7051
-79 -658
-991 6420
264 7203
617 3768
796 8065
-82 5090
940 4893
315 2931
-941 8147
-487 9914
-121 -82
-807 3168
-836 9613
93 7066
731 456
-90 1475
153 7738
469 5178
-316 3319
-548 9456
-679 9767
88 8861
698 9941
-217 108
777 1630
286 2592
581 390
686 2367
-87 949
395 7910
731 7761
-559 2472
-441 66
6 4362
-325 2099
176 7938
-213 8744
449 1476
525 -85
-994 1417
388 5587
490 6037
260 4808
-287 3482
317 1128
-681 5412
-861 9045
891 7237
-952 4223
373 9427
565 6594
817 7465
-329 8120
-959 7693
-450 89
-890 9595
625 5764
-649 7783
-885 9380
728 5757
198 54
-707 -192
180 6416
563 6827
-320 1063
652 540
-85 6632
-961 -205
-722 9891
-272 591
-514 4578
-638 394
-799 -320
-677 -885
686 -88
-931 3336
564 -615
616 851
743 9153
-59 4211
569 5635
425 6074
-128 7734
251 5350
595 261
-597 6794
-766 4424
-361 6570
279 3383
476 3820
465 665
175 89
874 2489
-779 4258
683 9396
385 2526
-735 7357
-537 6821
-273 6419
424 6413
-305 3124
-887 8521
398 1241
-261 5593
623 9025
829 9297
463 5653
-158 9247
752 3779
-822 4938
-344 8684
978 4303
535 7474
-4 3404
248 1381
168 7678
560 4324
752 8128
-888 3567
103 5179
626 2472
-415 2078
-619 619
168 2005
-80 2432
228 4258
807 816
365 2637
25 -728
644 6612
86 -659
335 -898
-158 7773
-665 830
-343 6225
308 -215
652 6104
530 2824
-107 459
-503 600
67 3183
795 741
24 6278
-632 4234
389 8418
999 2266
119 2575
691 3809
-437 3881
85 -934
-747 6532
-68 3618
786 6545
-735 9968
544 6887
-317 889
-117 -590
26 3384
114 8407
219 7077
-652 4576
278 4522
-502 5966
158 1170
-650 2510
818 7326
100 4721
-227 4451
73 100
842 -197
-397 2014
544 5762
307 7878
-334 165
988 1417
-477 7661
99 7710
417 7317
748 4019
992 2253
-366 7796
-413 -517
817 5268
-775 2604
-177 9794
-97 2030
-334 9241
-31 1511
740 8373
-503 1874
-730 3675
-464 3504
311 5661
-468 5213
228 -542
-788 2454
438 5197
-330 440
805 8310
-872 7064
838 -531
-51 4391
-41 3877
969 3077
-70 6940
207 72
-167 9114
56 8869
-352 8008
916 3651
813 9522
-569 5499
-827 1792
-671 325
-423 6007
-702 2101
-463 4212
759 2394
524 4209
89 8156
849 2510
843 5410
631 6743
935 8504
953 426
-216 7534
937 2210
415 5965
-467 7866
214 2246
-817 280
-749 9202
207 511
-610 5387
-319 -524
335 6194
-113 3306
-287 2779
239 5106
911 3904
-143 5683
880 3916
367 -936
769 -1000
256 1002
165 9882
257 4696
413 5247
478 3041
-89 8629
-123 9352
-544 6489
107 5925
580 1371
-855 4452
614 9852
894 6624
856 3381
549 425
-646 7722
107 5635
-453 656
88 1408
-791 5338
452 -891
-153 3471
687 4415
-371 2034
-517 2473
545 5595
172 8471
37 6590
-572 1134
216 3944
399 4767
956 268
637 4084
-360 5163
844 1296
358 6682
937 6605
-455 2042
-626 6647
797 4806
329 2547
-626 4446
-469 457
-974 5721
641 4728
-981 1623
814 5110
-270 8978
419 914
-42 4062
196 2716
515 9160
771 5837
-688 8149
670 2674
464 8103
206 2176
681 8887
-83 9621
254 4783
-378 5018
562 5601
443 -457
340 5244
141 1226
-669 9313
478 8238
-500 -17
-230 9364
-853 7462
-241 4495
-539 9563
943 9498
-253 8985
144 7709
547 4542
-744 8000
431 9807
56 8904
504 2288
286 8437
367 -846
-277 4032
-81 413
883 9726
44 282
-890 3281
-568 6472
-349 6568
392 3132
-114 3094
-254 9233
-252 6541
793 8969
816 56
-780 771
-634 828
988 8508
-849 9334
-929 5711
279 -652
524 1118
673 8664
829 4410
592 3435
624 8943
847 1674
37 3703
-433 9561
57 5956
657 1425
-678 8739
200 9716
-234 6864
85 2511
-626 3698
-738 3926
680 8072
-642 9101
419 5250
282 551
656 9358
-141 4369
-119 7845
-527 6599
-825 3700
80 4963
-555 2785
951 5008
548 6041
665 -533
-144 8092
239 1413
-649 9061
325 8350
846 5113
-687 5703
-441 1984
841 5542
-950 181
301 -283
834 -374
488 5171
-75 1685
832 -286
397 9857
-923 2490
-236 8683
790 964
-296 4049
-196 3599
126 6253
-19 9168
-162 7735
450 7236
-759 6313
907 7122
-163 4381
726 8067
-813 698
-412 3130
897 5261
301 3696
855 1306
-173 9150
406 3876
-956 3502
-788 147
-707 2830
654 8149
985 8056
-839 9910
966 4036
83 -392
-871 4871
-967 8360
-968 3263
598 8249
781 8902
-56 181
-188 2900
962 5085
922 8032
29 1032
-599 4566
360 7470
-506 6398
80 -431
737 3089
-273 2275
451 1993
431 5318
-540 245
-676 2866
-391 4918
321 172
14 -313
172 9665
632 2246
708 4437
-458 2716
349 5754
-759 -413
-287 3424
172 140
-605 7681
119 477
176 9361
652 5545
616 -80
517 -877
-96 8177
-252 -585
363 9796
-83 6469
330 2149
84 3963
-855 3727
319 1499
-31 7961
-992 1453
612 9300
-32 2328
-580 -783
886 4624
-185 7322
-747 1504
-915 1420
137 1271
-980 5103
700 8283
-40 -588
-962 -106
-713 1919
79 333
-636 5668
-182 9444
718 3515
-172 5466
238 -817
-905 1651
-665 9149
915 801
999 -227
732 5180
-484 1645
-480 1831
636 4474
140 8838
391 404
-181 9379
104 7488
-15 1497
-551 8443
381 2784
-346 8500
-780 417
-7 4746
245 -818
251 1630
578 7004
424 6816
-159 2598
-685 9965
916 3009
-702 55
-166 583
-772 7120
785 8325
-373 2469
875 768
-554 5515
24 6514
-98 5251
-367 9321
124 773
-137 5875
978 6476
589 1129
92 8537
358 4528
504 -871
-51 5666
-112 2529
-704 9615
-797 262
702 7305
-373 7427
-749 -648
788 7601
-150 9983
-156 7857
403 9314
-804 5174
-147 9985
-409 8138
-961 3640
-40 2971
-188 6581
265 4631
901 4074
760 2592
-176 6839
-53 8809
721 3202
-926 2098
-896 9695
-396 -934
750 1992
366 1687
-176 6877
-537 7311
-694 6282
772 8438
398 -171
652 5282
-989 5906
519 6248
308 -90
-987 4652
-188 1553
-969 4848
-483 3468
231 332
349 9718
183 3753
-553 8437
-180 9154
296 5839
458 9968
-761 8958
-446 5681
42 8502
-772 929
888 9255
891 -419
-692 4555
-127 3601
-121 6150
-541 4182
644 8041
359 5548
-376 4122
660 2704
-459 5346
-479 9341
737 518
-409 -839
-527 4650
-719 551
418 6462
-820 2814
913 8367
-785 8153
-563 2115
-303 6096
189 7024
-551 6798
-219 -219
992 8151
-688 2747
-817 5490
812 2346
149 2070
-226 1527
-775 409
-982 5551
-203 1428
11 9323
-173 -305
-221 5604
85 5019
-884 6441
634 5010
973 8170
-655 8064
-924 5851
952 9790
748 3440
855 483
-922 1454
-932 1779
-842 -956
-369 8625
196 7528
-312 8557
-754 1601
-293 -342
-328 5280
-75 3008
-217 3387
486 5730
490 389
-834 5215
114 8373
138 8761
-947 2760
-192 4009
-607 -824
-649 -422
-736 4361
913 1991
952 4956
598 6008
516 3286
280 5365
574 9078
-762 3483
877 6285
271 2966
-532 9147
-962 5250
-872 4852
-922 568
-426 2797
885 3188
203 3063
-708 7666
578 4960
691 2906
414 -967
-584 365
-43 9412
924 928
-519 119
580 -208
281 9041
337 3709
-723 6925
869 -191
-829 5052
465 504
101 5664
263 9853
126 -670
-208 4601
-870 1980
-475 5098
44 6271
-998 2702
103 8383
366 1110
965 5192
609 8492
444 2338
-610 8766
486 4612
995 9997
448 9846
524 8325
823 3489
-467 9936
-135 3079
-273 7184
-316 3196
-25 5216
-467 7609
616 5307
-193 3470
-475 9633
140 328
-995 8693
399 8490
-435 5068
19 9795
349 -620
-563 78
561 7674
655 8088
-24 4916
7 911
-115 9313
-288 6336
903 3649
341 4314
939 1354
174 409
816 7251
-70 8714
-294 6526
282 2856
240 9673
-883 1981
-950 3754
-880 7867
-764 5492
-247 -961
816 6119
549 8393
470 239
-796 -221
-181 -962
-432 3487
-363 1814
-262 249
630 6803
719 7052
174 3321
313 5807
-637 2053
-147 1289
-60 8538
972 2070
328 1529
-268 942
858 7939
-111 1278
-991 7743
223 6369
84 2058
631 7916
-79 1953
-906 1654
533 3400
504 5265
-391 6344
370 -553
636 8316
-809 3857
817 8780
140 9285
-181 5244
-267 -714
-970 8504
-524 6455
-416 4862
343 5778
-886 8744
87 6061
267 2685
-490 471
-10 7235
68 429
-574 2877
288 3619
488 8489
-158 6310
-103 9607
-808 7307
581 3963
275 5060
-362 -360
485 -792
54 5469
-795 9433
940 8466
-751 -868
-427 9254
-700 3306
-290 5628
959 3908
446 1335
-672 4814
746 5604
237 8715
-254 97
628 5990
642 9897
380 1955
-554 -51
561 4667
-172 8563
-111 8777
433 7272
-364 -996
177 8787
534 2471
87 6511
-195 9830
-621 9997
792 5416
-69 7037
-971 3079
-333 635
294 2972
25 6816
-503 606
-513 2259
491 6349
473 3417
805 8126
-557 4087
886 6728
496 4837
737 3675
-398 8654
-861 4034
652 9625
-274 -737
241 4817
63 725
621 8462
329 -61
722 9889
-27 2418
315 6680
277 2916
916 4090
-81 2732
-895 964
-497 5640
327 -705
-690 4740
-961 3801
442 -43
-532 6632
712 1128
-80 7076
-356 2821
-965 2272
272 9572
56 3535
185 7691
-275 -117
707 8727
528 4165
375 2688
-977 141
956 5925
556 6409
876 -715
513 401
597 2531
478 1501
737 -431
-765 3780
-576 4268
755 6149
940 9195
3 1309
418 6593
-527 7941
-130 4966
794 2712
-714 9149
59 599
11 2254
696 7369
481 -271
-785 2229
217 6799
-20 5079
-949 1594
-483 9915
68 6551
276 3121
-150 6926
-859 8766
-746 5898
-73 4734
921 4292
571 835
-688 7203
596 1517
970 9527
-10 1346
700 7587
-273 -920
-435 2670
-32 7371
213 3534
-16 7646
-158 1790
162 349
809 3946
-658 7664
447 391
-993 619
235 640
145 8370
708 -250
66 3386
991 3757
457 4283
784 2694
87 4950
356 -131
-33 9191
476 -206
353 -339
-528 5045
-249 285
898 1753
-769 1266
-695 2138
973 3551
451 3503
332 7883
707 2887
-387 8091
585 7989
-909 7161
881 3309
-286 6979
403 -128
-884 4259
-852 -284
-777 8402
847 6734
-280 1484
584 1143
-502 5431
24 6178
627 2205
507 959
189 927
8 2528
390 6353
768 2044
306 5960
-316 7027
935 4665
-812 311
-924 4473
-744 2604
6 5341
862 1449
7 8561
990 1081
-292 2972
-716 9330
941 2303
603 1702
-45 -778
427 7312
-405 7467
618 4700
-562 6168
870 4810
-540 8544
-861 2297
511 5054
-779 7969
-574 503
-321 5025
-431 6826
683 1481
-168 1410
71 4612
-943 1449
-740 5140
91 8646
-341 6301
-563 274
-499 5554
-167 5555
-213 4091
850 8093
482 6923
-631 488
489 1432
-11 4581
187 9096
257 5045
149 8990
-919 -98
-226 8778
-973 7403
535 6136
28 -747
635 2141
731 -472
-48 7371
-434 1623
-860 4080
958 4414
177 90
598 831
602 9905
-328 8515
-891 7835
786 5330
-224 -615
445 8406
-466 1047
543 573
-621 1866
-433 5947
-91 -717
384 8354
66 -994
700 5071
-342 7534
-279 4371
-437 -693
-350 8606
-730 5426
-379 3389
-789 1791
-477 7308
-622 8833
-876 4196
-8 7405
-280 4415
372 9523
-737 -400
-42 5072
-706 4905
-370 -19
215 2251
229 -947
322 6001
-681 -748
547 2760
-565 5741
-762 6494
-754 9166
-670 7851
366 7535
288 2695
678 9359
-821 7101
948 1657
35 1310
-115 3611
-344 8099
868 4342
-245 3407
-90 564
-303 -368
-789 9631
814 5770
-987 8417
-235 2893
-884 7172
-961 3746
-496 4560
918 4854
422 3054
-125 1230
618 -843
-758 4382
-371 6427
531 4785
-783 3035
834 4465
923 2623
890 911
762 9503
-859 7513
655 -651
-29 2925
-458 3018
-204 2581
628 8545
395 -290
-836 9220
887 6141
671 1851
-848 -270
775 6600
483 7143
315 4737
-648 2699
-161 2330
803 496
-819 7314
-360 3036
217 8733
834 5381
-776 6464
-877 8077
-231 2077
269 -71
-893 5533
122 2282
663 8171
-885 9417
585 8983
-631 -84
-170 7913
-381 5614
-178 3452
-910 1552
962 -224
-959 1158
-953 511
190 291
630 8212
565 3966
505 6185
-189 148
671 6386
-770 1608
-539 6463
819 128
-803 8284
-953 3666
-913 7672
399 2394
-508 9953
-94 5871
732 147
-286 5860
-402 -331
602 2383
707 4161
-132 324
-989 6962
-938 5626
357 2552
-814 2492
167 1091
624 8585
-704 7549
-831 867
164 765
-491 2178
-855 4676
119 3977
872 1191
-528 4082
-579 -741
-933 9119
-132 5079
-412 1525
71 2712
56 8280
632 6691
-489 4417
-639 3070
-802 5000
998 5073
83 4353
130 3241
160 -878
307 173
-613 473
476 5693
-67 6214
-564 5143
18 2114
-747 7925
712 4641
-352 7623
952 5092
-629 8573
967 5593
-987 2063
403 6687
345 5713
-906 2378
-818 6746
-250 2291
242 2746
-506 5093
335 4444
97 192
468 6903
870 8536
116 6379
617 4046
427 5151
419 8456
-411 6098
-354 2950
-614 -320
892 6320
755 3976
11 6224
758 8295
905 7810
-142 9747
622 7194
174 3388
861 9466
196 5253
384 -345
-272 7338
861 7430
-970 3444
587 6645
894 4784
712 7072
-702 8733
432 7477
3 5598
505 6768
-415 685
23 2736
-82 2392
437 -779
628 1083
-40 8131
-253 1707
240 4921
-199 -254
-732 5483
635 8863
509 1779
-970 1833
998 -816
62 2166
149 6314
773 5204
758 2406
-285 4752
-460 3589
311 5217
640 2874
-608 6355
736 8525
158 -387
-23 8465
596 9168
782 4578
-987 723
576 1143
-535 2506
-693 8758
202 5154
-806 3294
-674 5684
716 3069
431 3840
-333 3031
331 6074
-117 2008
890 2150
693 9971
-373 2872
656 -861
-926 4119
106 7235
-628 2241
-946 6243
-690 9228
-24 3312
-105 1377
346 8733
-660 -193
51 8321
-353 440
-734 9967
-116 9378
-660 6122
-997 9710
-512 2071
-877 4460
740 4610
813 2708
-223 6329
68 8657
560 255
889 6823
-556 7838
-574 7605
-673 131
-745 4190
-455 2294
-347 7713
-52 1648
954 9956
-520 904
193 4215
250 8681
724 3611
990 2104
-590 8939
-381 7246
-734 9147
-596 9300
-745 7306
728 713
565 9150
497 9720
383 3650
-920 4188
-963 6671
-549 2849
-502 6228
667 6394
-21 4139
756 1652
-692 5725
844 4375
849 1855
690 8654
-369 5523
981 259
-600 315
-349 9654
-322 -728
-251 6757
206 9330
585 1342
985 5144
-876 8558
-561 237
-363 1479
-603 6424
12 8278
621 5519
-955 9098
904 4647
566 5007
845 1919
42 5690
291 1487
608 6202
179 -327
69 4949
126 4097
-798 2134
-116 5627
-888 7934
-427 628
218 4931
790 5045
615 8888
-643 5559
-484 -535
-692 9467
-2 9687
-871 9291
-466 5893
52 1652
-845 8504
-507 8239
683 5758
317 1866
55 3097
384 1015
-76 7367
761 5238
-441 797
-424 5961
916 2403
-657 3602
93 9865
-872 9666
339 2123
-333 9306
462 9089
270 9265
544 1780
90 2816
-428 4164
986 -724
-142 1038
655 -739
79 1427
70 7850
949 5024
136 8988
946 6517
-639 3876
-434 5067
-101 3636
128 7864
-354 5538
706 -641
823 5434
-588 5537
-147 1412
-18 7878
561 1970
-857 3813
420 1832
662 4969
703 9890
560 2757
122 319
-483 -472
405 314
-994 7288
908 9463
-276 5707
-713 4523
585 9496
247 7464
743 1439
549 1422
7 6995
162 219
-658 3034
542 2288
-457 779
-753 3979
-58 9451
-934 -207
541 8504
124 6072
-759 9558
-541 874
-459 2754
532 4977
-171 9122
-208 25
-542 1496
624 9456
498 6386
-383 3865
412 3178
124 9914
-645 7094
-862 7394
115 9947
-423 3870
-787 9175
-143 1011
-4 5128
241 7383
745 1622
-242 7532
-948 9938
-967 2788
391 -523
571 6690
40 3971
-135 2375
-805 6569
447 532
-405 8838
206 8894
-150 -396
515 9108
-3 4641
241 2863
-263 2851
-768 5664
837 1267
81 3739
-635 1975
-870 7306
875 9044
720 6586
260 9911
-86 1896
-255 1495
908 4350
-399 7036
-3 8671
-321 1583
568 9288
-701 54
-977 8499
190 7256
-212 5305
-458 1122
-812 852
-282 5858
-53 2221
-260 7173
-492 -471
-774 -592
-326 6014
-751 9884
-14 57
913 771
-108 9088
722 1233
-698 -377
-933 1802
-865 5896
289 -564
-964 5817
-942 9131
-590 2575
-124 1055
-803 2132
939 6222
921 7026
-708 9469
-212 1766
-645 7400
149 7016
274 9087
-998 6581
-350 3002
-153 1437
-253 3000
104 3092
-99 4523
-408 -507
-29 5704
-664 4388
835 326
-511 1130
-112 3642
670 1959
3 2808
914 7927
-723 2611
-50 6287
930 2564
-932 1857
823 7608
-350 5800
481 -848
927 3901
-219 6905
-409 8156
-363 4781
-653 1073
-994 6619
71 6947
156 -39
-839 6458
-313 7987
457 7684
-537 3229
-309 8514
358 9330
-4 3958
-300 1793
239 1651
-757 3039
-610 979
39 -733
-321 3564
-820 4937
308 7545
935 2405
-919 8592
-139 1932
-729 2775
-872 1415
189 7394
475 1453
496 924
-826 -880
520 3206
-398 4910
-744 -828
685 9977
686 -135
-437 8512
-186 5289
857 -796
307 5964
436 94
285 6303
878 -143
-930 6698
-712 3623
-572 1623
951 7803
781 1699
143 5780
769 4435
-300 57
651 8023
-842 7609
-892 6910
-447 9945
-828 8954
-11 3160
6 2600
-350 6098
828 32
270 337
-858 7170
649 40
700 4605
-772 8690
-383 -187
-463 5642
357 891
744 5475
-520 8010
911 2177
44 -965
619 8927
-501 2219
-772 6288
647 560
-694 1517
329 1657
-113 7241
187 5327
-412 5277
-109 4099
785 4389
583 6132
602 9446
-783 8849
815 6613
-665 6102
-455 5065
-697 3238
-926 909
445 6832
-868 455
594 5262
-178 9025
829 8638
-604 -555
-769 2578
-408 4504
-459 8337
-584 1565
-956 4890
-798 5242
-650 -5
-771 2409
-295 3441
84 3182
-147 322
-121 1497
-348 7644
-454 3713
-434 6858
-905 3082
-149 7350
175 4452
717 9757
-586 3913
-757 6200
-3 703
-772 4300
758 356
-906 3288
-679 9770
-148 9745
-957 2817
-740 3888
-853 4384
82 901
958 6695
828 2956
-210 -73
-911 6944
-87 5234
-547 2510
834 5652
-317 1068
586 4054
28 4220
-79 546
192 3219
-531 4077
-816 8736
431 7277
-865 5138
647 7415
-457 9469
-120 615
382 8588
-264 5727
792 8256
-269 -406
-426 9388
814 9937
-989 4842
168 8004
345 5230
-78 8712
-747 4745
-556 -507
717 1636
-53 1602
-755 9717
595 6904
-544 9428
-184 -913
650 6537
-741 2562
527 225
144 1250
941 2413
702 2491
450 3011
-610 3653
836 7927
-874 6315
36 3215
-569 5617
720 290
381 1986
650 2571
260 3781
756 7662
-107 3824
-17 6685
813 2709
395 781
-529 1102
-144 8641
-885 2123
937 32
-877 -28
494 1120
-502 8294
-577 145
-324 -45
459 8058
901 8016
-210 652
674 9423
583 4111
778 9220
354 9161
-96 -530
985 2712
-705 2400
-700 3585
426 2266
857 9368
-499 4724
564 8073
-923 6402
210 974
177 -750
685 7337
487 6063
938 4227
-923 3908
920 559
154 3628
-483 29
-580 8670
93 5798
-508 4791
-327 1194
720 7351
-459 -492
600 8390
578 -308
966 3316
191 39
-477 2294
370 2791
-378 4136
-989 4511
-963 7691
914 4201
-520 5658
-480 4241
-468 8562
917 3504
-770 6487
501 1590
-618 5025
-560 8784
-354 2807
-497 7141
637 8353
51 4634
-500 -96
-893 3903
636 8391
651 664
240 683
931 -897
420 6707
-902 8022
116 1016
498 5266
121 1249
523 -512
-852 4496
947 1894
971 5285
704 1368
-956 9182
130 2959
824 8972
499 7172
257 3107
-316 9596
-576 2719
138 2387
696 2471
853 293
689 7198
665 9469
-70 -709
-410 -93
-158 164
679 6814
45 7477
-463 5738
-94 4081
455 746
-238 5685
-613 8170
352 4049
-591 6527
-152 1321
-191 6893
912 7610
-230 2621
46 -738
966 269
722 8094
130 4334
179 4839
424 3909
100 9261
-758 601
-128 3321
850 9042
-596 1660
200 7621
541 5079
-861 4885
-202 9210
-516 7426
-319 8682
477 1567
-943 8544
-643 5879
607 8373
-464 8413
436 3143
-96 2952
896 -290
748 8177
663 2774
-6 2841
-89 2265
647 1369
-290 3720
-644 6945
218 3423
-995 6698
-604 8630
55 3356
961 9620
458 6871
234 2734
702 -259
-534 -409
-92 4096
472 6359
979 107
408 4849
-918 4546
-416 4437
-459 9172
-205 5089
-419 2892
91 2526
779 1793
542 7134
-876 297
355 6040
533 9175
916 5771
-489 4209
-400 7173
714 9295
-909 3753
285 4159
96 7416
869 5529
-94 9169
-680 7047
718 6158
-145 4366
551 8080
59 8620
-583 8757
525 -386
-982 975
239 811
-938 8607
-230 2710
-464 6205
-37 2270
206 6565
-394 647
-776 68
808 8988
307 1696
-775 3157
436 1629
297 994
-931 2609
383 5760
-696 1202
599 8113
493 4145
455 7867
413 -237
-66 9339
917 -392
-116 1002
-17 8447
-842 -378
271 7604
-366 8073
-482 1009
507 1163
520 2634
162 3663
-475 6649
784 6622
-386 8590
-189 3857
40 4561
714 3438
-439 -413
-939 6598
890 7233
25 6894
-989 5827
-971 6862
900 1533
634 2349
825 3692
747 9209
-367 6701
-898 8082
-88 4187
703 6367
882 792
160 5595
939 1627
-194 6694
-513 1028
-295 5290
-961 2052
328 4794
79 3639
426 2354
686 -837
-847 -43
-949 1261
-562 6715
-290 4058
161 5636
-859 3035
175 5206
-965 4840
801 7038
-564 9498
-44 4107
-196 -290
-530 1844
989 2907
233 6836
231 8486
294 5083
-712 6684
11 9434
495 7706
-812 9705
-5 3565
-941 1746
339 6531
-936 4935
435 8874
-823 -998
128 5241
68 922
-488 7056
288 7710
-241 5921
835 5479
696 4059
-899 179
231 493
34 1266
-912 6462
-736 5688
674 5672
-229 5752
-66 2359
-89 5348
991 822
22 5978
648 6377
122 3046
156 2375
-449 8236
699 6891
-482 1728
-742 8687
91 1644
532 213
444 721
-17 2817
618 1441
-135 3968
-234 3056
30 299
-704 4751
920 8603
565 350
636 7744
-495 428
421 4370
-676 7376
-419 5146
189 1386
-534 1995
-336 9068
-455 1815
456 8037
286 381
622 211
488 7193
704 7220
-808 1471
-921 983
-657 8992
-634 6015
904 1188
613 7142
-290 1132
-591 5403
801 1137
-767 1132
713 5360
-299 8375
-221 1034
382 5440
167 233
-490 442
333 6653
157 5169
797 6020
721 4193
-589 3475
-21 979
548 6005
-914 8462
638 4079
-327 2978
992 3607
-626 1908
68 3849
822 4742
-266 7376
365 6605
-302 1196
918 705
-37 3545
235 6900
586 684
-409 -799
-681 -279
446 5563
990 9254
-802 2321
107 4637
244 3311
121 5878
-146 1922
-616 8432
582 1675
196 1570
868 179
-552 3979
170 -652
7 1298
-837 -332
-275 2397
-144 6667
-286 4938
-63 6722
-678 9959
457 4159
222 4653
-105 2025
-723 -858
58 5777
-424 4429
415 3
-701 8010
299 -896
-996 1396
-691 743
658 3055
-337 4498
-597 -552
350 7339
704 6163
130 -949
-147 4010
-795 6565
104 4245
-809 2586
895 -411
-116 1800
127 733
-841 3955
747 9575
-932 4479
-728 1996
911 -642
592 9385
441 2605
-231 5462
943 5342
-378 8370
-896 8458
14 7100
-225 4697
59 9249
-787 9272
-593 7125
-569 7116
-820 5085
548 1713
905 4363
711 5159
323 4096
602 -475
574 7531
-299 -238
558 9458
405 2016
254 -604
608 4340
702 -940
-388 6020
866 5323
403 9792
-668 6248
-351 -477
561 6796
818 6899
82 -484
651 7290
-202 4400
-485 1841
506 6037
411 9496
-622 5064
432 9154
-406 4027
684 7692
416 7958
-178 -35
129 9933
-17 3203
983 4124
963 9847
521 -203
862 6209
-160 5450
-90 4486
-732 6613
291 7778
-758 9263
-899 -855
-541 3529
813 -944
-781 9478
289 5392
953 4912
-302 6110
-823 5937
-706 9399
-616 3880
917 3305
607 5309
478 698
-827 8288
-527 290
-575 653
442 1874
-51 4038
-498 4712
-556 6867
449 3813
-342 -699
729 7849
-649 531
725 9485
546 -167
-584 9895
-61 7004
-904 886
-874 4470
-309 3526
454 350
506 7801
-876 -27
-352 5295
693 3236
-801 4031
-601 4937
-693 2803
-904 7892
-423 7961
-683 3136
575 9038
338 1180
-166 893
661 8252
-184 5070
-775 6434
-542 -597
288 5283
-116 3509
-999 -613
-106 1013
-836 3884
-353 6421
117 6667
175 6529
730 2399
567 5046
-62 4278
968 5579
-336 1390
-926 4885
59 39
-87 533
664 -425
-623 162
312 6877
393 9361
992 1667
-189 403
-700 1508
-632 6387
-961 4237
-732 6799
-246 6282
889 2772
-195 4496
-697 -754
-173 -314
-59 1122
-853 7813
82 3735
299 6292
-473 9761
524 9847
201 -223
-455 1303
-147 -796
770 7228
530 2712
-139 3758
-571 6935
529 3208
-123 -816
-382 4421
207 4618
-129 3264
-155 6833
592 8829
-819 4380
-938 4746
-730 3647
866 9612
-106 4017
-215 6708
-607 828
633 2107
-166 840
659 1246
-450 7009
862 4342
-926 2901
-578 1361
828 9085
80 -974
146 6772
-855 8643
-156 8124
527 9880
407 5998
883 5047
-818 187
160 5805
-989 413
-966 7283
-633 9506
614 7582
962 -823
-998 7981
-804 8310
-784 9325
-636 5765
80 3507
744 5081
135 7532
854 5348
-564 9683
228 865
-576 -388
336 7868
-798 3882
-547 3678
57 2689
-813 8267
-469 3948
611 5538
555 2910
-886 1724
992 9146
729 402
-611 5856
746 3647
-724 -814
-76 915
184 625
917 2135
-861 34
199 4705
782 6605
152 9548
350 3872
798 1301
-787 2
-452 9801
-190 5756
-152 4073
985 2951
-571 1634
-265 5437
923 7406
-77 72
-958 1171
-728 6638
-658 7793
-77 6607
-308 4291
475 243
430 5621
256 1468
477 5389
-555 8442
-780 9603
-64 2514
-421 1948
763 9588
354 1564
270 4600
-878 7297
667 6762
139 6719
188 8597
283 7798
-192 8579
2 4256
748 3509
-879 8795
940 5698
887 415
-268 130
279 -790
-383 1425
-303 8144
883 7283
594 -510
-737 491
905 6565
-719 5556
481 1647
806 6336
603 2746
645 -926
587 2003
471 2401
-297 703
-818 1609
-576 3290
905 2681
-832 2884
990 4145
609 2034
-722 7855
333 5049
-326 -454
-71 7187
-41 7336
-896 9943
422 3853
24 7271
585 310
-117 8533
752 3209
764 9401
240 8900
-731 3916
226 1509
-386 3935
31 6960
-687 3085
858 2829
-680 7636
978 8893
709 6557
991 6989
253 6126
409 1699
-274 6073
-938 3255
-509 3543
631 5309
-845 1118
91 8733
-367 -598
-876 8681
102 -862
170 7869
-453 7714
965 6523
-522 7589
-475 2138
384 8173
304 102
951 8036
-380 823
-365 9404
-374 598
-643 5300
951 8897
226 1335
949 108
-839 1703
-822 850
217 771
-578 547
751 123
235 5655
879 4670
-741 7446
305 4539
653 7467
733 5910
-170 6912
-139 5282
155 3942
-822 228
-403 9829
24 5895
111 2989
37 8227
-307 2021
-506 2625
483 4530
-937 9595
887 8576
433 4992
-54 9593
568 2527
518 2882
-303 8441
979 8840
478 -139
-944 2822
-588 6329
726 6689
229 4513
825 4785
488 1225
-130 6718
-1000 754
304 3653
967 3310
-946 4637
155 8526
-390 9221
-412 8084
322 9823
485 8716
-102 -18
-851 9048
52 1958
-169 983
-332 -463
-675 -697
253 1811
37 155
253 3660
-626 8676
-854 2036
-306 -363
-884 1655
-785 7758
559 5449
-878 6702
-871 4822
-678 8300
497 8901
567 3149
-198 8386
576 2053
797 2735
-202 8849
769 -625
-723 -913
677 3631
725 6254
772 1884
319 5891
-486 6213
-236 -765
-575 3297
-400 4760
996 6908
-866 8226
-223 9081
330 1360
111 291
415 -696
523 2580
-988 7255
-633 6414
-786 457
-745 6769
-675 1069
-707 3340
66 8535
-26 -602
85 6101
-813 1350
-729 1581
-460 6474
-619 5125
-25 2124
443 7042
519 9607
-914 9411
200 6724
-246 4660
-422 6036
130 1148
-883 252
-461 5274
-106 367
103 841
66 6437
750 344
-869 3944
-833 6603
320 5342
-274 5902
574 5740
-311 1026
-761 -807
-118 4095
685 1340
223 8257
575 4727
-285 9155
635 9847
-180 5182
-760 3598
533 4769
-716 639
-903 9909
904 6255
144 -996
463 6296
-164 6535
-866 822
-661 4333
-40 -933
-533 9083
841 -150
-904 2175
690 2953
-450 3189
864 4338
135 7346
-399 4177
540 7584
-243 720
259 6090
-626 4103
-913 1841
-31 -191
819 8222
666 9959
-269 2557
-188 -307
751 6146
99 5551
589 -3
-652 1979
831 3760
-626 -186
11 3610
167 1713
-429 3127
-708 1032
296 9915
-275 -566
-598 4532
-340 1202
-153 8684
-922 6351
-698 8507
-884 -654
-650 5878
-535 8266
375 3852
-460 8750
77 451
228 9163
-512 3307
-757 7387
527 61
-53 4441
718 4114
29 3246
-304 2810
145 3544
-38 8959
363 6794
793 5999
-432 4880
-289 5517
222 3434
-753 7634
967 451
790 3346
316 1181
-518 -30
440 -498
624 7598
602 8641
55 4286
-743 5292
167 5358
-951 5577
764 2042
403 272
-405 5125
-881 1084
150 1077
-789 -860
-863 1506
588 -53
771 4980
691 743
850 4176
455 9389
-249 3020
826 7415
296 -760
-232 6981
-363 5697
527 1041
17 2908
108 4367
-44 7607
-265 6112
-319 701
-579 1623
-23 8834
489 9961
157 8426
327 6637
784 9293
247 5634
-854 -313
998 4486
811 6270
-187 9479
978 5773
661 5061
854 7021
-908 7197
-836 5107
-955 7810
-840 1705
-637 5795
375 7803
516 9326
533 5145
626 3001
736 3467
961 3509
-114 7072
121 -520
641 7697
-463 674
-613 3545
-974 8671
228 514
267 4057
376 2076
-475 3302
143 4864
-721 6483
235 8470
-349 7193
-74 6374
996 7303
-815 3387
-34 855
996 2272
-898 438
-60 2744
383 -790
453 3335
750 5638
-362 6458
616 5509
-675 7005
700 9873
-913 -443
114 8967
819 9490
314 -733
853 7372
-686 1637
-742 4256
353 6606
-754 1100
-345 2274
-807 8604
-359 39
-296 1649
-838 8304
-40 295
-629 7130
345 5871
63 9656
273 4730
581 3057
885 4970
-162 8749
-313 301
396 4780
-176 9269
786 4766
183 5300
-658 6236
32 2983
150 7491
-927 9738
744 4191
-854 4271
45 6341
899 8721
496 2662
844 9369
96 9349
-508 4550
-443 7984
314 2058
-595 7447
-10 5131
-843 8616
-943 8821
293 9534
-601 7247
-91 7185
581 2537
916 -989
68 4111
72 3861
-305 6443
864 7557
219 3388
-699 2741
895 6808
142 620
-149 7090
397 1217
87 7072
651 2691
-2 3306
677 4464
423 2426
-585 5603
-847 1673
-163 4782
112 6699
-574 -634
514 -550
381 267
389 3695
456 7927
-238 7013
827 3552
317 3737
-782 9781
-575 7117
598 5180
-860 -230
579 6529
95 9747
-726 4808
347 -128
-458 6212
-294 3735
-519 9626
107 4488
-179 6203
329 844
-348 213
-579 3468
618 7298
150 4263
-26 1638
242 528
970 9195
-221 -797
558 1741
-830 6496
-788 7415
-93 5301
-260 2290
829 6163
29 4205
-824 8368
-368 -265
812 -761
764 257
-814 5354
829 2882
0 4737
420 2890
-996 5766
244 9713
468 1439
942 7156
-81 -596
-994 9458
56 8319
429 -668
651 1970
823 7741
251 7286
616 6092
-627 7565
399 4697
542 -818
-58 7662
-40 8229
372 3738
-386 6189
369 1222
367 2781
458 4315
914 2689
59 7028
-530 3487
819 1027
-808 674
680 5434
62 571
216 412
700 3216
849 7494
937 2732
976 5873
-554 3057
589 6731
-568 5053
-689 6341
840 3654
585 7843
-552 867
-615 9089
930 -986
802 8944
869 7123
-969 4244
-237 -458
896 1446
26 8566
-461 1416
880 3175
262 5273
780 5108
49 5246
-974 3418
-680 8194
478 1697
75 6121
-992 2314
545 8969
-7 8806
410 7232
634 4924
-979 630
-351 2865
565 603
489 2299
894 811
-730 939
185 6890
-756 4833
561 -901
-458 9464
883 5670
-597 778
-360 5543
-600 -589
691 1032
925 6052
-443 -234
621 6356
840 8491
662 9795
538 -128
362 2473
701 3599
503 9997
-886 2332
107 9436
587 146
706 3380
-369 2796
-961 4739
364 9218
250 9543
-111 5726
-919 7870
-992 7744
29 1447
-980 8247
822 1252
588 -279
40 3072
-741 6126
-241 1511
-812 3046
-654 4782
-640 8547
-890 1369
-801 5807
156 94
-574 5979
0 51
-717 5301
331 7272
767 838
-219 9417
-847 8125
-50 -37
460 9526
-709 6446
-949 8848
490 8515
-600 9103
846 8672
-294 7198
-677 3754
193 9787
-318 5952
-160 4937
96 51
559 -304
-813 509
468 8044
311 -152
645 9193
849 9248
-40 7575
-390 8819
815 8889
-490 1756
27 5436
423 4225
-914 -555
-363 402
613 4193
720 5948
-523 4968
626 8118
-381 928
7 -636
446 8551
-259 9105
-833 513
-718 257
757 8399
66 7910
-302 1617
-845 1388
578 9083
-172 52
-606 8039
-503 6657
0 6024
397 5012
317 -244
392 2909
-519 5036
59 5351
71 957
435 5304
-986 8833
872 9176
-842 4647
248 7457
916 3696
-212 9813
231 6415
-992 6076
-563 4226
98 8363
502 4735
-937 3
955 8468
288 6596
295 2261
770 142
-976 3509
-19 8617
-299 285
157 4996
338 990
531 185
997 1199
777 183
512 9612
155 8656
-841 3934
60 3297
690 -34
15 3319
-215 1352
18 94
803 3270
888 1939
545 -400
546 9461
660 4194
298 1551
-122 4193
-654 885
-185 8503
189 9244
-147 4662
788 -508
-850 3421
-12 3327
-826 5340
-421 7022
571 1482
-537 232
-510 5324
293 1517
-681 8920
808 5633
-121 6194
-845 4954
760 784
-96 7320
-748 1214
-447 3054
715 3273
223 2941
604 -409
794 1628
697 1758
466 8878
-656 8808
743 4401
-208 2483
-255 1483
-279 1880
-804 2412
-934 3355
-823 1087
511 1777
626 9571
-744 3828
-135 8664
53 9722
928 -295
463 4855
-415 2265
-968 5181
97 3875
-599 5819
-3 5568
237 -193
665 2090
493 9146
441 2913
381 -870
845 6202
892 1994
516 865
-498 8139
635 8351
871 6737
-604 9438
776 4828
4 3525
-786 6064
-120 2386
-221 9368
-663 3083
473 6183
320 852
703 1165
858 1145
933 3999
-893 5301
193 5460
877 8184
-390 9541
86 7404
40 4312
846 152
972 8137
-497 9455
-109 7435
949 3725
669 6160
-672 9834
931 3389
-162 6847
-680 -994
-105 7868
816 7076
456 5625
-704 8749
-914 2994
36 -960
-601 2850
778 726
269 6858
-217 4083
394 3314
-442 2594
596 960
74 997
-615 4759
86 -640
-942 15
-971 6819
144 1692
370 722
107 2838
-338 4542
610 724
-371 9917
-847 8923
-213 3101
422 2899
311 4965
675 941
-548 9675
571 4788
340 2777
-733 5092
-6 4216
-46 6333
-246 1073
-8 8604
270 1513
-107 7032
544 2666
768 7449
-152 1483
331 615
-632 9711
535 6895
-730 9087
7 4585
994 2382
-466 -975
-182 7510
-969 2601
-505 -670
-238 6431
102 3443
301 5636
-35 -625
27 1079
14 6756
-572 4146
-717 7442
755 -563
233 -29
-253 6371
-405 259
-261 1533
-469 201
452 6884
738 4332
223 5420
867 86
-87 7956
69 3032
919 7336
-476 3232
-572 8152
389 1671
-350 7716
929 610
773 5034
-204 9245
-346 2655
123 1498
-675 5077
-387 6677
-594 2329
-967 7189
-466 2745
-921 5737
-647 7565
907 7077
611 -712
585 2821
-87 1174
-876 9460
-438 2448
-992 534
217 -724
757 2031
-911 3460
798 7693
944 5994
-954 1822
107 2336
62 4365
963 1581
-820 5945
166 7769
948 2348
372 3067
-700 3457
635 1346
-818 9904
820 9690
591 4245
-452 2303
-911 9402
517 8342
454 5569
-384 7032
-94 9422
-152 -127
599 1915
-391 -300
744 3587
-475 3579
-406 8486
-164 8093
-960 7776
-135 5347
104 7792
248 1826
317 7994
762 3019
37 5424
879 1307
896 867
-71 9080
-614 718
-522 960
-19 8068
-685 8516
-344 7056
-494 3828
261 7219
-815 2475
179 5799
-229 -10
-199 2615
-383 570
498 9780
-35 2970
-856 158
-318 3767
85 5756
-664 -579
577 8458
676 8857
-503 6146
935 161
-833 2891
490 9120
43 123
-690 6620
506 2130
9 969
-920 1451
918 8724
329 6568
567 4918
-677 5232
-328 3237
-637 2674
333 -811
577 7243
361 6835
583 6922
-778 8261
-250 4244
-791 9697
403 6828
-847 92
841 9275
-600 -887
-311 5506
471 2015
327 7070
-290 9254
33 7529
-90 6589
13 2217
-101 4634
-730 -374
7 -49
628 1886
154 1319
731 743
-83 4446
642 -471
219 2763
-893 9231
-1000 7456
994 2151
-318 7286
665 -374
612 3228
-166 3283
-653 6165
-89 7884
496 3996
-311 8812
-904 1674
519 886
877 6344
-338 7823
-167 1319
549 7583
-347 3600
-186 -8
457 8414
870 1515
14 6778
446 8772
393 6453
904 -767
110 778
291 6203
995 9363
221 8683
-63 3065
-528 1310
-383 -754
541 1576
592 7597
861 560
146 3042
-278 4944
-922 6284
-476 1300
-407 5212
828 4862
65 7026
810 3919
630 3443
14 5034
-15 2104
784 -457
836 9451
208 2090
-63 8641
388 -454
-98 910
-870 9347
-672 469
-481 5519
991 3659
-892 9592
-721 3618
-510 4109
-276 4065
-774 7765
368 6336
-686 -917
-910 1786
349 4821
-166 2963
118 2929
-796 -862
-775 7948
336 6662
-741 4334
482 6829
-569 -896
917 9414
-28 9907
-834 6649
-927 5573
-187 -760
997 9359
-493 -606
500 8320
146 2820
271 5462
-712 3838
-35 3792
716 9353
100 2565
-312 6937
420 20
150 9594
-645 3980
98 1524
987 3838
-991 5367
-66 4659
-467 3412
-947 6447
128 8808
-807 5149
-423 5655
-166 7271
-299 -364
193 1269
130 1275
29 6208
-447 1624
117 4314
-724 756
-649 4835
856 7425
-805 6084
-365 5417
29 9779
-667 1675
-889 4969
770 5230
143 3820
429 8023
-313 6205
-286 8708
-966 6553
620 2006
993 6224
-98 5715
-796 5488
840 -617
410 524
-356 2125
-357 -726
430 321
204 -192
-548 587
-979 4647
175 9780
822 8380
-361 9509
-504 9289
-497 813
456 -254
-167 3502
203 4391
-729 6637
639 5519
-655 -754
164 8559
-653 9694
-832 -354
-9 2939
276 -603
192 1364
656 1625
661 7120
146 8957
-563 5376
226 8495
-402 1225
819 6058
406 7579
-310 7331
-749 5472
-952 6554
-655 9853
929 1499
-635 2107
366 5948
750 7728
506 1753
301 8674
236 -664
-23 72
147 8402
-450 9414
-906 8871
534 -879
777 -185
-411 3163
-148 2015
-91 9471
647 2605
-445 7308
936 1666
-249 287
-376 7433
-519 9282
-685 6320
475 6032
688 -602
843 8108
-560 3161
260 6772
-647 9939
895 6321
-342 7375
-40 6592
-79 2193
-964 8964
352 1027
440 1942
-410 8863
-653 1367
768 7945
-851 1002
276 1354
-283 390
939 6120
414 1735
972 2532
-623 8610
-775 4908
650 1143
-874 6627
109 3349
229 -27
806 7284
281 5369
-409 3099
-115 -108
309 5656
954 5020
811 7842
534 4943
-202 5419
748 28
-378 -518
-862 8381
-445 -249
-600 5783
992 -119
-68 4065
975 8655
-124 8637
382 4162
642 1514
524 1940
-45 7425
-84 1205
-891 -217
-920 -750
-352 5588
-230 4076
-563 7119
767 4160
-888 9973
-805 1542
-106 2855
-146 3842
-620 667
90 315
-667 9046
922 6647
984 4089
687 1920
-899 1691
243 8886
554 7179
644 792
-949 5864
-917 3811
-514 7599
579 -27
-583 9180
193 6612
-451 1492
755 4794
-522 1331
726 7017
-489 1656
530 2788
-170 97
-541 4474
58 5579
-934 10
821 1157
649 3864
-351 3125
384 775
-992 3772
311 948
254 8182
718 6337
-987 3375
-705 3940
-288 9469
-428 9052
127 7692
530 8773
897 1663
887 7456
422 9768
132 5042
-149 7634
-758 370
29 2542
646 6845
-425 8645
-449 6420
-646 2985
-2 6173
-582 1451
-65 1315
349 3145
756 -198
843 1903
289 3571
490 3205
-938 -541
833 -671
-314 4168
-56 3206
-633 9575
349 4462
-778 646
-60 9427
416 4181
360 5201
49 -774
-411 2864
-435 2392
489 4820
-791 -1
-176 8449
-183 3688
343 7497
82 6659
-761 7964
-519 9540
828 -146
-895 5078
473 8264
-189 -479
732 4714
-769 9632
137 7177
-768 628
-947 7455
304 9311
815 5949
-36 7860
677 1770
907 1843
113 -848
799 -426
572 8836
817 7852
336 3693
152 1843
176 8449
7 1087
-428 2834
-467 4836
348 596
410 1095
718 5971
-594 9697
323 8054
-204 1307
646 8094
-61 -165
501 9849
178 7944
817 7265
-845 4305
89 5578
667 4632
294 5989
-435 -12
-377 5850
-448 6417
42 7320
405 8645
-743 -657
-709 4163
960 1849
452 3835
-599 4291
-803 2448
81 3160
317 275
-982 3768
460 -969
12 5930
-318 5926
-18 7463
824 5519
-263 7413
896 6272
-67 4999
-197 6837
-664 6836
-327 7964
329 1942
252 8496
388 9429
-464 2189
888 8552
958 5448
6 2963
-201 5547
841 2032
357 4820
78 5275
-318 7755
275 9586
665 3905
-118 3035
141 9558
-460 756
233 6298
-117 6250
793 4898
-794 9296
253 7541
101 9128
49 3512
-963 8186
-765 4181
722 6307
-667 1284
910 3653
469 2006
-320 168
112 4567
-768 8683
-87 1579
521 2599
-240 6871
-640 3054
-364 8206
-372 5005
537 9430
75 8450
-346 106
834 9287
805 6064
-886 -411
-650 8236
895 4142
-316 -290
21 2082
-588 2391
388 7259
863 4161
321 3208
123 2554
-580 9591
398 3055
48 4389
212 -478
74 5413
-526 3880
653 8353
-516 7882
-176 7021
652 5729
-794 3773
405 3279
-228 8326
230 2933
660 -533
-649 2478
712 -384
182 -176
-984 1906
339 6627
596 2990
980 4060
-732 9086
-915 331
-412 -550
-269 6686
-417 1475
-95 3001
-97 5182
-973 2682
-898 5086
245 2115
61 9091
-112 5241
-641 5035
-116 4179
526 6382
91 8858
-580 9517
129 9101
-565 4474
799 2620
572 2427
-83 9586
-427 3271
355 4253
971 9447
271 5263
-853 2020
-969 5619
245 1917
-176 7549
-161 3021
289 1930
569 2569
327 8027
52 4946
663 5083
813 9795
413 2136
-1000 8074
51 9232
-375 -976
-535 -793
651 -692
-491 -867
542 3485
-616 3482
764 5696
834 16
650 5506
-257 4375
663 1821
375 5200
-665 9099
247 34
998 -313
177 6288
-11 2218
602 6339
195 2627
-364 3513
116 -96
843 6094
-447 2179
-954 7192
403 9044
-768 7805
714 6875
790 -43
-674 6698
765 7098
-407 -716
-777 5406
932 4168
-489 5815
102 6329
69 -829
-560 7417
-363 8870
96 7609
-947 2773
-185 3018
-591 7931
153 4843
-714 6313
-337 2773
-70 3003
315 443
-762 5398
-971 1364
-299 3892
815 1865
-425 9494
267 1040
-14 6965
137 2525
690 4276
-485 2777
104 -406
-353 8733
-866 9011
384 3169
979 7268
-572 9479
591 8890
341 3653
-718 799
966 9530
222 191
851 -86
563 -252
-594 5541
132 3836
198 356
-329 8332
466 605
127 8172
-436 1162
718 -270
663 4482
-395 6968
-907 -737
827 9893
-46 3626
-235 9295
546 8764
60 24
438 6044
-42 1870
783 5877
539 3894
257 4275
-621 6900
-673 7325
-398 -721
772 7374
-800 839
833 4737
-58 953
-905 1674
-815 553
69 3382
870 2545
9 5611
-823 3866
-937 1147
71 5338
-530 359
770 1253
872 8952
971 3921
539 7551
756 4191
860 9188
883 5832
-933 -18
591 2740
-598 -289
-364 3459
-355 3071
-472 829
240 1690
-227 8311
-178 483
682 3912
-356 7590
-825 5750
-99 2184
281 4808
-813 -592
466 6419
-965 5706
209 2729
-217 9101
976 7210
-391 1928
-5 9878
-837 5674
-374 6620
265 2933
861 8997
-86 8613
-185 9487
141 -518
566 5418
244 4408
334 8884
-71 7870
-920 -643
-203 8988
-686 9924
-490 8903
-654 1377
167 9440
130 1288
721 7472
-585 7341
-150 1446
261 2678
-244 6832
-994 7581
23 3706
-41 1748
924 -14
399 6713
-684 3659
-708 140
-479 3769
-396 8666
-802 6023
-804 830
-177 1443
73 6108
-494 1345
-770 7199
377 9340
-225 9269
-850 -483
147 7416
33 5961
-915 7705
147 930
420 4339
702 3514
134 4656
-879 -185
-612 2432
-898 2867
-54 8213
508 4256
934 1518
-221 8235
988 3371
-2 1199
73 5766
-632 8431
-186 3699
-82 9404
-415 2352
302 3022
330 7587
642 8935
627 6059
484 379
739 9527
62 9768
-916 544
974 8493
-430 7855
702 7687
305 9721
-56 6272
-252 4282
-29 2631
607 4065
-416 997
-984 -924
567 -772
48 3408
-936 5295
884 9258
936 5205
5 4962
-212 4004
922 3545
-751 8575
77 4374
-730 1317
-684 -914
929 12
702 8421
654 8654
508 7419
936 7488
-525 4151
71 2631
455 6003
970 7469
345 8360
667 6431
-339 7788
854 -480
670 295
-13 1978
-632 -867
558 8241
956 2372
462 -372
-444 7543
532 6838
-510 5622
152 7784
-693 2541
651 7779
208 2525
430 -748
-377 174
-175 -765
-194 5481
-977 6407
-55 7797
936 2504
-249 8741
826 1774
226 5131
-233 4238
-291 1536
-232 2547
282 166
742 1125
795 9967
247 4677
-606 7394
-743 8970
-750 -404
-948 133
879 3420
-542 1365
988 5961
-428 1965
-119 3449
574 1939
242 8959
188 6280
-525 -734
453 1422
-910 5424
758 2049
566 9634
-470 1961
512 1759
861 9179
-710 8292
436 9611
-216 4410
-796 6070
845 7453
-526 7882
677 7451
542 7282
281 6567
572 2345
765 -826
498 9253
-713 5416
-890 273
735 1879
578 8419
-298 5247
-641 9867
-336 4365
797 8116
-378 7288
-505 4258
-759 1715
-6 7120
394 8774
-906 6868
-254 6498
-68 4710
573 8631
-158 6227
897 16
-707 -655
-409 2591
-776 6725
725 -536
-56 2725
-99 9456
-690 9326
887 4702
-587 7733
-541 3098
-171 7064
941 -682
169 5062
995 -705
721 -741
-758 6811
-84 9915
887 1624
330 3361
158 8041
-359 9642
-978 638
-193 8326
-421 7868
-243 8108
-840 3936
-355 4949
237 3573
305 1160
331 2510
784 5308
376 7536
646 8089
581 8321
-867 1347
-157 2330
-577 595
-312 5811
774 7249
948 1125
394 1358
11 1514
21 2213
-466 3927
-35 -654
73 4130
-210 -465
671 6966
396 1231
-632 -950
195 8020
897 7134
-45 747
392 5435
360 2269
321 3011
922 9909
-904 5162
-624 9878
66 2035
994 8426
115 -548
-881 3909
665 8962
285 7210
18 7043
-882 6009
254 3491
-872 1270
-859 2271
473 9876
500 4561
-129 9222
-674 2488
-452 4128
-763 -430
-322 8075
-686 4509
-108 7004
-416 5511
-75 2217
-103 1327
550 8031
864 6281
701 6960
-628 5058
-674 4464
118 9984
18 3952
-462 4697
-611 408
759 6536
-68 3591
438 256
-881 3373
342 1226
-549 1639
799 8321
-506 6949
982 3978
391 1447
957 4032
288 4508
-654 8780
89 2629
526 6642
-343 5979
48 1029
319 4668
-144 1529
-179 5523
-817 9962
521 -920
-781 4774
-245 1749
-367 9380
-737 3823
-505 8034
5 5643
271 5829
394 8941
112 3213
-257 -3
88 5554
894 9287
550 7287
623 9448
227 6912
57 7886
526 4548
-12 7693
29 4128
-366 139
687 6289
-236 -479
-987 6093
110 751
-131 2890
682 8378
-216 -70
-680 8672
481 1528
-213 7114
-128 -602
353 9626
-238 4116
-545 2815
791 2954
-42 7831
238 4424
633 8354
16 4351
999 7500
-876 8316
-742 7879
-538 9424
-978 5223
365 8252
316 1317
-324 1984
172 2764
751 7979
841 8442
-678 2645
-287 7802
-190 6210
-364 -935
-338 8054
-323 3027
-598 8677
-763 2127
76 2043
229 3792
842 6894
-36 7842
-327 6783
641 4934
-297 -54
-246 1914
-89 2671
-878 8582
-129 6333
-284 5377
813 3404
562 4622
-973 2721
753 6260
-122 1838
-969 4266
16 3552
586 2895
646 4176
-738 9004
679 619
379 5325
-506 2101
773 8511
302 2149
-539 3146
928 4007
-522 249
-286 9698
468 2181
512 3121
-657 2742
910 -141
417 -875
606 1652
843 1145
61 5214
166 4598
-881 720
45 5354
-492 5090
621 7770
-655 5665
-518 4991
-584 1350
571 4840
562 7356
-327 5590
-874 7472
-133 4733
554 6422
-88 9736
-31 5707
-423 523
-183 1863
458 7024
-975 2129
74 5266
178 4884
-533 8754
204 -30
-767 5318
234 2287
-181 8593
-304 3508
306 6070
-255 9686
-366 -135
800 9758
306 4778
368 -8
977 207
-26 210
507 9147
-303 6275
-420 348
-810 615
229 7807
897 7975
-190 2736
733 9607
344 3544
-272 4142
-36 1217
-166 7061
-163 9323
35 3041
-716 5380
-678 5315
890 3433
460 -85
368 -71
-360 -606
-205 3043
-31 1755
960 6985
-374 1051
-145 2078
-304 3193
987 4400
624 5376
-500 5744
-242 4180
-455 4006
-745 658
-815 982
805 9815
343 4942
-728 1402
749 8928
-483 -288
630 250
406 532
214 3665
113 4586
518 4495
471 4730
-991 4951
872 2793
855 7652
188 7551
-698 1282
45 -748
452 1082
600 1189
51 7946
-512 7176
895 923
-818 1453
-302 9734
-198 8256
401 426
-949 2390
755 2298
708 1881
-565 99
306 1258
344 5759
309 -439
12 -879
-1 8489
-901 9462
-308 8144
471 2517
727 1984
938 2408
908 2351
-376 6859
-561 2873
163 1847
-181 8205
-794 2717
892 8531
-919 8864
616 1512
-894 2040
908 6296
440 2054
-961 8236
-985 9999
-577 20
-490 133
181 4951
382 7014
-335 3021
-709 5362
226 2462
786 8972
52 2969
-192 7571
254 -523
-1 -218
-628 8761
613 9510
-60 8525
-16 6758
-960 6069
-428 5144
-154 -951
-275 5947
582 7775
266 1238
964 3585
604 1967
-582 4200
-461 7482
-718 8569
818 6754
-281 9147
732 8590
919 2112
-290 1163
-239 6973
-649 5690
941 4050
941 8998
-30 3113
825 -897
-761 7755
-305 8566
-425 7126
819 89
126 2503
927 4267
-830 9614
-50 1505
-228 2205
-701 7892
407 9442
971 659
-586 7535
-130 8366
79 3595
41 9543
-825 9276
-498 8908
-437 2010
459 83
990 6719
461 7952
978 2534
-313 9107
663 5152
-209 1665
152 1641
-775 1103
537 7359
-311 225
610 267
265 -428
754 4262
-924 6215
-385 5449
-15 3664
-30 4976
-831 7037
631 -409
741 1059
-73 9450
689 8255
846 9489
-39 7530
-627 8130
-144 822
64 3344
-153 7409
-264 5847
548 4147
-872 5250
546 5587
-361 2738
164 5867
787 4184
672 4792
196 9714
375 4889
-685 1739
-158 9965
56 -991
-579 9719
-182 428
242 3363
-952 9242
516 1076
601 908
-398 1641
617 5120
-809 8799
161 4529
-151 9317
-874 3524
608 9956
-859 -73
352 3220
903 1510
-188 9041
-617 8516
311 1638
12 2472
389 160
804 745
858 522
-97 7529
284 -340
586 1943
550 7218
-32 3761
-102 2594
194 9024
-811 2167
-534 7449
-948 98
-97 136
-675 7863
-5 8543
-343 1388
-920 3348
492 5429
-692 9788
-218 821
988 6995
-25 1597
942 9891
-784 4146
280 9510
141 3867
-732 192
209 1724
-258 2239
-612 4412
496 5125
-635 818
-621 118
324 1102
741 5813
-729 8702
319 6597
820 1617
166 6262
708 2605
-323 2983
870 5865
982 375
6 9135
-452 6171
847 1571
113 6412
-539 5381
-447 -856
-997 4425
270 -710
-638 8606
668 948
-378 369
-572 7737
-51 7247
105 8009
-304 197
216 4881
379 8206
393 -941
-68 3705
776 8553
-701 9702
-548 4081
-95 -15
-768 723
355 3910
-224 9145
-16 1483
-558 8102
-291 -277
454 8725
980 7269
326 386
-617 -415
-560 757
267 7963
-699 535
670 8402
840 4936
244 -847
150 -44
-441 7524
87 1873
552 8392
-155 3111
293 9625
-972 9213
197 5644
28 6013
761 861
55 2074
850 3711
444 8136
760 3934
-519 2151
802 46
-906 2242
813 9131
931 9560
888 5073
693 -41
-676 1860
-529 4078
-630 -310
788 1397
-584 728
312 6457
131 6480
754 2329
-530 7383
405 9348
207 -775
-456 8496
-835 6724
-713 507
804 -303
853 8300
950 5266
-504 1509
499 6091
251 9338
-965 3194
-227 -882
743 8470
-539 5740
175 -529
482 4252
-496 5706
904 2312
217 3208
-730 9930
72 8104
91 3722
404 5069
-303 9465
-759 8693
209 -927
-116 4717
150 8211
686 5151
762 428
828 7955
827 -548
-35 -383
972 8362
-349 6158
664 -229
-100 9805
-524 2306
-912 4450
628 3935
298 6680
966 9014
-925 7437
-437 7699
623 8499
-776 4075
-2 7207
-390 2134
494 447
189 6788
-791 3532
847 -405
480 7982
-368 5012
184 -647
-351 7526
328 4217
977 7952
930 7394
-564 813
809 9381
203 6668
712 7779
855 2095
-693 2539
69 9314
-376 1877
-687 3583
140 2528
53 -812
77 6990
-740 3532
-595 7586
-398 5628
-252 7133
-666 8950
208 7430
655 8657
-713 7071
-627 4530
-749 9930
-874 658
623 471
216 1227
-178 8663
590 7387
-156 8318
517 2045
-735 5532
-833 4934
507 2373
161 2532
-342 1727
516 5118
875 7110
-707 148
-176 5832
373 3414
-945 5565
-356 5910
-673 4332
98 1632
-742 -237
-782 4333
399 -768
-151 6601
-31 7501
433 4487
706 7752
476 4197
-250 3755
904 9297
972 9994
-122 9264
255 3593
567 4802
-151 457
965 9547
57 1277
-903 1200
-394 5255
-265 2347
-992 3470
-881 9566
-561 3186
652 3982
-580 -330
-807 3319
786 -900
-619 3616
-738 7631
597 5309
740 1367
601 5942
-510 4308
-378 9140
190 2342
-564 1796
481 3291
-865 -177
-122 545
532 4755
-981 2000
569 6407
-778 8407
645 9969
720 4387
-931 8925
638 -295
-926 7253
624 8549
-580 6549
824 9133
164 7375
787 5211
-631 6441
-460 7156
848 2584
-812 7042
-985 2288
79 8517
332 4377
267 2627
900 9141
-241 3843
-581 3217
381 6811
-583 379
-139 3462
866 4910
-17 9724
364 6011
-305 5327
175 -724
93 6598
-166 -796
-908 2128
-255 9002
179 9481
-584 5436
969 6537
-281 2598
-100 898
-822 1275
262 761
157 7697
-999 8667
-855 6015
-868 7492
779 4423
767 7838
-183 8701
-300 7773
490 7756
-126 1561
988 8360
-102 -677
-560 6695
-475 -599
241 7039
-854 9499
-91 1219
-876 2691
772 5326
231 5900
377 6763
239 8638
447 4776
-369 346
-126 2326
-522 7993
614 4326
665 2583
-657 6955
-477 7148
-179 4077
-126 664
40 3329
-508 1380
276 -168
-293 5530
-24 -425
-700 9745
-251 9636
-617 2508
-572 6741
134 815
-910 3376
204 2244
168 3541
-860 666
568 4983
-999 73
-973 6423
694 -789
-428 7936
-705 4244
-214 343
-373 3139
-467 2020
955 2926
474 8189
670 6722
444 -600
-526 865
-921 4735
442 8532
619 8872
-260 25
-812 3516
-655 -431
-231 589
540 66
-10 6764
154 -774
544 7476
-840 4165
592 -537
900 9398
-659 6144
-93 4002
-758 9982
-469 5837
-680 3943
-567 9829
-661 -812
988 909
-567 4970
753 8481
487 7398
-203 -551
775 2279
762 5394
-704 2310
902 8041
388 4717
-703 731
960 6218
622 6103
835 3124
-20 7594
187 4366
721 -821
289 8886
-232 6848
536 3968
882 898
606 6075
-433 7335
358 -360
-577 6445
-489 4400
599 116
318 619
-336 2598
-77 6566
943 640
-503 3005
-664 8413
57 3468
-152 4711
-136 4949
-329 3246
150 3298
725 7343
-846 3090
-585 -992
194 6216
-900 -422
337 4853
237 -93
-667 797
162 4237
-16 6891
-673 8768
32 2232
774 5546
-84 5709
-981 4295
556 4082
-262 3277
833 7808
289 5968
185 4282
-251 3631
-588 1735
539 3093
-72 7533
-534 7471
-993 7196
781 9052
-90 7398
390 7661
149 7722
-4 8687
46 87
-928 9996
333 -927
-328 9984
227 2051
-962 9010
357 2528
156 2428
704 5422
846 7286
-775 5863
-28 766
762 5869
530 6473
262 2238
6 -375
353 6099
-15 -758
-558 5000
79 687
-231 4013
868 4652
-641 6327
725 5190
301 5239
-691 9697
-692 1271
-78 7063
647 7006
-918 8037
-87 8252
-788 6524
-251 -686
61 5630
718 3962
697 7631
301 3381
-212 8896
683 268
-431 2821
-803 6572
-991 4095
-587 7090
-419 3059
736 2326
-143 3727
-459 8855
-748 923
377 2394
-976 3541
-56 5347
703 792
520 8140
-380 595
555 4894
926 2383
964 6992
-484 4075
-525 381
145 1993
139 2163
213 6963
215 9284
-490 2923
566 7634
898 4003
953 8097
-44 4889
-703 7092
-117 9752
-338 3162
890 9051
755 4249
-840 7548
-665 4743
-849 7298
288 5061
584 2799
-235 -330
750 1304
-369 4283
10 1640
724 9611
-820 5408
-813 1326
-964 -810
547 7468
-83 7566
391 5003
-610 8956
625 674
-261 7857
-635 6848
723 9236
609 4828
780 9891
-543 5084
-645 2018
900 8518
991 3775
571 9608
-112 31
-931 1219
892 -187
-316 6417
-647 7618
-24 8734
857 2767
-83 8241
50 3393
-330 7380
-406 7915
336 -682
576 2023
224 9239
-616 4282
708 6446
580 3480
661 7440
-840 3119
-151 2233
612 -466
-416 -178
531 2230
-103 8172
-516 -96
87 2226
-804 7913
-66 3133
877 7339
-561 -66
-408 980
503 1673
-289 7372
283 9476
-656 4709
-735 5219
517 8580
-242 3044
-271 3234
-287 2785
378 2856
-666 5910
298 1711
918 708
-531 -102
-943 5706
873 4111
-144 1995
-982 5715
416 865
778 362
61 9720
-934 3090
-854 7843
-703 -126
-765 8636
227 7646
277 2884
-747 2301
50 -241
-732 929
939 1943
425 8373
-417 1312
146 9542
955 981
695 669
-313 6020
-342 4143
532 6331
992 9625
835 5830
912 2985
437 392
-57 5929
577 9052
48 7600
812 1633
-204 1670
844 6043
508 7156
-80 3174
-130 5087
153 6556
-824 -349
16 -989
455 2063
-816 5986
644 4839
3 6937
338 9636
861 4753
26 7532
70 86
124 6074
279 9300
-966 4379
-790 8694
159 1422
3 6902
-843 8469
-376 498
435 3532
-484 -801
-831 3526
661 5866
-28 5971
-289 3207
-176 9646
740 616
-211 9620
817 8975
609 668
942 6757
424 8601
809 3063
-144 5958
882 -721
-476 9712
-341 7002
603 1859
-148 4848
-985 1748
561 6413
-699 6103
873 2184
637 9589
-131 5689
-326 1742
-231 9675
-243 7646
-42 965
755 7766
-551 2852
516 8902
24 4923
-291 8540
-203 -719
14 5461
232 9755
-261 5154
-107 -924
-573 9087
-722 5512
872 4589
-186 5777
-641 9867
664 7191
-916 8813
-198 8057
256 5905
443 -482
520 992
-57 8808
315 5200
-35 4772
-493 1840
419 6830
296 3034
-690 3714
-474 3518
-277 2497
728 9634
-625 8995
464 758
-948 4549
554 5823
-239 3364
-58 5655
131 1270
809 6971
-701 4407
-949 5622
123 612
-21 7532
484 4127
-321 9910
-187 -248
-492 9574
-361 9057
-251 4791
-754 5137
-48 7159
704 7454
628 -936
-334 5110
602 -889
-833 5628
789 3122
981 934
-629 514
955 117
-939 8441
-215 9615
153 7829
694 9440
5 6957
-815 8543
-575 9207
198 -386
-584 6034
546 4172
282 2206
619 -761
715 2133
559 4812
713 1628
81 8028
-884 7719
-623 9732
431 2087
-535 4819
-609 8175
-249 1854
-168 2646
484 8018
644 -335
-170 1009
775 1636
508 8969
-918 6365
-628 6530
643 2347
-700 -313
-127 7272
-895 -642
-931 2665
894 8851
767 2325
180 -120
-421 1813
-744 4513
-467 7452
-493 159
921 6104
-922 4826
-86 8285
-160 -912
-446 4710
958 9023
-606 5645
723 2014
106 3835
15 946
-352 9056
893 4485
391 5614
-326 3098
-144 7191
-123 4848
466 -847
-682 3293
-869 3409
-565 4833
929 7026
-871 570
-328 3505
-838 8790
-317 1056
-967 8222
885 9918
755 5846
-339 6857
-101 939
355 6429
390 2753
788 7647
940 9328
-854 615
-193 4742
419 1232
983 9704
80 3029
-233 6578
250 9295
201 3909
-611 -769
-237 7698
971 4692
-194 9012
-846 9656
-360 9886
303 7794
-237 -947
-876 5705
-934 3174
127 503
353 7335
-417 9680
-276 1369
686 1250
-60 5282
843 8287
30 2239
-816 9891
558 3674
-69 5566
16 1565
-980 -510
488 3153
-777 6295
-732 -347
282 6492
658 320
-941 3413
627 3228
911 7099
-94 9842
193 -576
-894 6006
-601 6134
-330 6023
329 3086
423 1049
-115 7684
-531 1746
-300 1275
-370 2512
883 7893
112 1871
-318 7377
283 -26
157 5281
459 3285
124 4551
-742 9857
-980 2207
651 7328
-770 6433
-428 5079
745 5356
317 5338
624 4897
977 5363
489 7603
-461 -10
972 1044
-67 4180
-684 5964
-782 8066
446 2541
981 1698
772 642
-362 6002
257 1698
-553 5302
656 5519
-867 1383
-959 3753
-358 2312
-797 917
-78 3978
226 8100
-217 3351
308 1406
-892 640
994 5309
-820 155
-982 77
577 4397
469 9140
77 2429
-845 6460
-113 6158
227 9946
-297 6642
498 -124
-109 8484
455 8343
-976 2765
731 5865
949 4140
137 5358
-842 -50
497 4393
-159 726
-367 5786
-274 5354
-907 1469
760 7947
499 7884
576 5831
-498 7405
132 7701
679 1856
438 2935
-477 8554
802 2134
-774 5555
-25 8942
876 -194
-381 6646
922 4391
-140 8078
112 -864
-163 -738
-897 8724
508 3242
-652 8492
-402 8624
969 5726
-121 9455
154 6899
303 -861
-190 741
425 4371
193 3348
-222 6035
649 6149
680 2854
807 8763
929 -526
-107 9121
-295 -517
-636 5791
-524 2590
583 9471
209 2427
-71 6354
-119 4207
505 6737
243 401
191 5961
394 1591
-589 7172
-5 5157
-646 5966
-666 5796
-65 632
968 8296
-570 -578
-571 878
396 8049
-646 7969
-568 4812
-461 3023
509 5006
-350 8052
804 2672
629 5331
484 6511
-75 5561
361 1431
-271 3260
177 7063
-78 2048
553 -164
138 6099
-186 7550
440 2582
-117 -825
-568 9429
169 3512
-643 21
285 5215
481 8726
474 9669
-716 929
99 3750
-211 7091
791 2680
330 4121
96 5025
-39 2701
-524 4211
-933 9137
-499 2112
67 -404
327 2723
777 7757
-906 -74
138 661
320 1983
-874 4801
-566 6680
293 147
-458 -951
-564 4265
-886 1132
-949 5416
12 2856
472 843
-568 -314
-899 7924
953 7827
657 1312
-179 2761
716 5914
-629 5105
-165 7803
370 7316
-438 2778
-677 7544
848 8971
-853 2012
147 4310
700 5990
-649 146
-372 8397
-985 1000
215 4109
-111 4907
395 5209
701 3774
-884 1290
203 -72
-633 -121
523 5947
-918 -362
-760 6867
-242 -458
534 8795
135 9147
-994 4537
-350 2669
-260 9048
434 4973
-787 8553
-419 5545
-633 5956
-573 747
-242 -67
-956 523
111 2979
588 -66
650 2123
-988 8251
-488 622
166 5722
126 6611
753 2950
-658 -794
-630 3402
-445 -395
120 2702
-920 2118
-11 9378
765 7149
771 307
141 -449
-467 4165
-891 2057
-813 2777
120 3752
176 7026
846 4038
154 7068
-653 9394
713 5943
-291 7751
-226 3436
111 5332
-993 4129
-552 5922
553 8266
-971 7681
-531 7190
796 463
-428 -30
-644 9682
162 4480
561 3982
-912 9507
994 5579
-236 -607
-800 4235
481 4629
-4 6734
719 5794
-723 9699
-240 1193
-769 6656
519 10
69 2172
-488 -628
-177 1014
628 9062
346 5244
-165 8445
-76 4085
540 8654
325 7202
855 1587
-411 4332
105 4325
-867 8535
-466 3116
-439 3323
315 557
918 8463
436 9384
-960 2560
465 7811
161 8275
769 3492
-437 7880
-900 781
256 6379
-614 6331
-225 2302
-794 2126
957 2371
799 1517
-447 4739
-14 7066
-13 7333
-253 1756
-424 5892
597 2973
62 6855
-465 5249
-632 4799
-332 8270
906 3146
-433 7636
-455 192
599 4339
-235 1981
162 1841
-144 2714
-701 2904
726 2524
-77 4439
853 1198
545 3074
-243 5489
419 8962
304 5360
167 59
815 1124
362 5923
318 4406
-282 1315
-26 2814
-384 9303
-935 -158
226 -739
170 2131
106 2703
-920 9209
-334 1082
431 3233
-797 670
398 4923
-48 9042
258 2760
-570 6335
-487 5006
297 7413
376 6409
-129 5039
-99 3950
-707 8930
839 2348
32 509
-77 1111
-657 8267
873 8451
256 567
707 5923
-772 2686
898 4145
989 6958
-997 910
-387 3172
939 9352
-586 8136
940 -485
-595 -708
560 4819
165 9464
-630 6860
747 4652
-337 2777
913 9080
-881 5552
109 4989
-390 8864
-109 1961
-589 710
-363 1697
204 8296
-894 5863
968 2908
100 -798
-739 6923
137 2882
475 1917
561 5618
-967 4387
634 2247
469 9886
-554 6147
-74 8457
122 773
-223 9452
-76 2397
17 1591
-123 3563
-450 6510
-735 2073
-796 798
785 5564
12 6471
-420 8105
-300 3936
-523 9461
-66 6263
4 3730
251 2769
-713 9668
-908 4375
-336 -99
-402 5743
461 5379
-979 3844
-317 7867
-43 9643
-63 9118
-633 795
-128 9067
-329 -623
861 -261
224 1577
-699 8520
68 5229
-15 4826
306 8996
-40 8590
803 6893
-526 320
-659 6768
793 6795
521 902
-661 -333
-299 8941
-567 6878
486 5755
363 2498
-719 7487
32 8073
855 4093
-623 8636
668 1057
708 2374
-432 383
-801 8055
586 -144
-118 5339
377 -48
-380 5472
237 6245
-127 219
-382 2586
-431 7248
-318 8225
717 6225
9 9150
-943 -135
712 3106
-640 3409
-841 5755
-291 6033
-756 2107
-988 3430
-764 8119
-400 1026
-749 8626
631 -934
533 528
133 1924
-380 1605
988 -499
760 1600
411 6864
-856 5044
47 7855
-813 8382
950 6344
-340 5408
184 3745
66 3668
44 2699
190 1214
-433 5951
246 1788
-975 4719
-353 2861
-323 4642
426 2143
-60 7744
685 6170
49 7792
890 9810
-947 5360
-983 236
-384 8390
895 7548
703 4021
-464 2474
372 2324
828 8512
58 4111
966 6313
-287 9222
945 9225
-852 4663
301 9176
-908 2239
-987 9331
600 7785
996 9456
584 6853
294 4069
12 3339
95 9872
345 4860
